0000001
0000002
0000003
0000004
0000005
0000006
0000007
0000008
0000009
0000010
0000011
0000012
0000013
0000014
0000015
0000016
0000017
0000018
0000019
0000020
0000021
0000022
0000023
0000024
0000025
0000026
0000027
0000028
0000029
0000030
0000031
0000032
0000033
0000034
0000035
0000036
0000037
0000038
0000039
0000040
0000041
0000042
0000043
0000044
0000045
0000046
0000047
0000048
0000049
0000050
0000051
0000052
0000053
0000054
0000055
0000056
0000057
0000058
0000059
0000060
0000061
0000062
0000063
0000064
0000065
0000066
0000067
0000068
0000069
0000070
0000071
0000072
0000073
0000074
0000075
0000076
0000077
0000078
0000079
0000080
0000081
0000082
0000083
0000084
0000085
0000086
0000087
0000088
0000089
0000090
0000091
0000092
0000093
0000094
0000095
0000096
0000097
0000098
0000099
0000100
0000101
0000102
0000103
0000104
0000105
0000106
0000107
0000108
0000109
0000110
0000111
0000112
0000113
0000114
0000115
0000116
0000117
0000118
0000119
0000120
0000121
0000122
0000123
0000124
0000125
0000126
0000127
0000128
0000129
0000130
0000131
0000132
0000133
0000134
0000135
0000136
0000137
0000138
0000139
0000140
0000141
0000142
0000143
0000144
0000145
0000146
0000147
0000148
0000149
0000150
0000151
0000152
0000153
0000154
0000155
0000156
0000157
0000158
0000159
0000160
0000161
0000162
0000163
0000164
0000165
0000166
0000167
0000168
0000169
0000170
0000171
0000172
0000173
0000174
0000175
0000176
0000177
0000178
0000179
0000180
0000181
0000182
0000183
0000184
0000185
0000186
0000187
0000188
0000189
0000190
0000191
0000192
0000193
0000194
0000195
0000196
0000197
0000198
0000199
0000200
0000201
0000202
0000203
0000204
0000205
0000206
0000207
0000208
0000209
0000210
0000211
0000212
0000213
0000214
0000215
0000216
0000217
0000218
0000219
0000220
0000221
0000222
0000223
0000224
0000225
0000226
0000227
0000228
0000229
0000230
0000231
0000232
0000233
0000234
0000235
0000236
0000237
0000238
0000239
0000240
0000241
0000242
0000243
0000244
0000245
0000246
0000247
0000248
0000249
0000250
0000251
0000252
0000253
0000254
0000255
0000256
0000257
0000258
0000259
0000260
0000261
0000262
0000263
0000264
0000265
0000266
0000267
0000268
0000269
0000270
0000271
0000272
0000273
0000274
0000275
0000276
0000277
0000278
0000279
0000280
0000281
0000282
0000283
0000284
0000285
0000286
0000287
0000288
0000289
0000290
0000291
0000292
0000293
0000294
0000295
0000296
0000297
0000298
0000299
0000300
0000301
0000302
0000303
0000304
0000305
0000306
0000307
0000308
0000309
0000310
0000311
0000312
0000313
0000314
0000315
0000316
0000317
0000318
0000319
0000320
0000321
0000322
0000323
0000324
0000325
0000326
0000327
0000328
0000329
0000330
0000331
0000332
0000333
0000334
0000335
0000336
0000337
0000338
0000339
0000340
0000341
0000342
0000343
0000344
0000345
0000346
0000347
0000348
0000349
0000350
0000351
0000352
0000353
0000354
0000355
0000356
0000357
0000358
0000359
0000360
0000361
0000362
0000363
0000364
0000365
0000366
0000367
0000368
0000369
0000370
0000371
0000372
0000373
0000374
0000375
0000376
0000377
0000378
0000379
0000380
0000381
0000382
0000383
0000384
0000385
0000386
0000387
0000388
0000389
0000390
0000391
0000392
0000393
0000394
0000395
0000396
0000397
0000398
0000399
0000400
0000401
0000402
0000403
0000404
0000405
0000406
0000407
0000408
0000409
0000410
0000411
0000412
0000413
0000414
0000415
0000416
0000417
0000418
0000419
0000420
0000421
0000422
0000423
0000424
0000425
0000426
0000427
0000428
0000429
0000430
0000431
0000432
0000433
0000434
0000435
0000436
0000437
0000438
0000439
0000440
0000441
0000442
0000443
0000444
0000445
0000446
0000447
0000448
0000449
0000450
0000451
0000452
0000453
0000454
0000455
0000456
0000457
0000458
0000459
0000460
0000461
0000462
0000463
0000464
0000465
0000466
0000467
0000468
0000469
0000470
0000471
0000472
0000473
0000474
0000475
0000476
0000477
0000478
0000479
0000480
0000481
0000482
0000483
0000484
0000485
0000486
0000487
0000488
0000489
0000490
0000491
0000492
0000493
0000494
0000495
0000496
0000497
0000498
0000499
0000500
0000501
0000502
0000503
0000504
0000505
0000506
0000507
0000508
0000509
0000510
0000511
0000512
0000513
0000514
0000515
0000516
0000517
0000518
0000519
0000520
0000521
0000522
0000523
0000524
0000525
0000526
0000527
0000528
0000529
0000530
0000531
0000532
0000533
0000534
0000535
0000536
0000537
0000538
0000539
0000540
0000541
0000542
0000543
0000544
0000545
0000546
0000547
0000548
0000549
0000550
0000551
0000552
0000553
0000554
0000555
0000556
0000557
0000558
0000559
0000560
0000561
0000562
0000563
0000564
0000565
0000566
0000567
0000568
0000569
0000570
0000571
0000572
0000573
0000574
0000575
0000576
0000577
0000578
0000579
0000580
0000581
0000582
0000583
0000584
0000585
0000586
0000587
0000588
0000589
0000590
0000591
0000592
0000593
0000594
0000595
0000596
0000597
0000598
0000599
0000600
0000601
0000602
0000603
0000604
0000605
0000606
0000607
0000608
0000609
0000610
0000611
0000612
0000613
0000614
0000615
0000616
0000617
0000618
0000619
0000620
0000621
0000622
0000623
0000624
0000625
0000626
0000627
0000628
0000629
0000630
0000631
0000632
0000633
0000634
0000635
0000636
0000637
0000638
0000639
0000640
0000641
0000642
0000643
0000644
0000645
0000646
0000647
0000648
0000649
0000650
0000651
0000652
0000653
0000654
0000655
0000656
0000657
0000658
0000659
0000660
0000661
0000662
0000663
0000664
0000665
0000666
0000667
0000668
0000669
0000670
0000671
0000672
0000673
0000674
0000675
0000676
0000677
0000678
0000679
0000680
0000681
0000682
0000683
0000684
0000685
0000686
0000687
0000688
0000689
0000690
0000691
0000692
0000693
0000694
0000695
0000696
0000697
0000698
0000699
0000700
0000701
0000702
0000703
0000704
0000705
0000706
0000707
0000708
0000709
0000710
0000711
0000712
0000713
0000714
0000715
0000716
0000717
0000718
0000719
0000720
0000721
0000722
0000723
0000724
0000725
0000726
0000727
0000728
0000729
0000730
0000731
0000732
0000733
0000734
0000735
0000736
0000737
0000738
0000739
0000740
0000741
0000742
0000743
0000744
0000745
0000746
0000747
0000748
0000749
0000750
0000751
0000752
0000753
0000754
0000755
0000756
0000757
0000758
0000759
0000760
0000761
0000762
0000763
0000764
0000765
0000766
0000767
0000768
0000769
0000770
0000771
0000772
0000773
0000774
0000775
0000776
0000777
0000778
0000779
0000780
0000781
0000782
0000783
0000784
0000785
0000786
0000787
0000788
0000789
0000790
0000791
0000792
0000793
0000794
0000795
0000796
0000797
0000798
0000799
0000800
0000801
0000802
0000803
0000804
0000805
0000806
0000807
0000808
0000809
0000810
0000811
0000812
0000813
0000814
0000815
0000816
0000817
0000818
0000819
0000820
0000821
0000822
0000823
0000824
0000825
0000826
0000827
0000828
0000829
0000830
0000831
0000832
0000833
0000834
0000835
0000836
0000837
0000838
0000839
0000840
0000841
0000842
0000843
0000844
0000845
0000846
0000847
0000848
0000849
0000850
0000851
0000852
0000853
0000854
0000855
0000856
0000857
0000858
0000859
0000860
0000861
0000862
0000863
0000864
0000865
0000866
0000867
0000868
0000869
0000870
0000871
0000872
0000873
0000874
0000875
0000876
0000877
0000878
0000879
0000880
0000881
0000882
0000883
0000884
0000885
0000886
0000887
0000888
0000889
0000890
0000891
0000892
0000893
0000894
0000895
0000896
0000897
0000898
0000899
0000900
0000901
0000902
0000903
0000904
0000905
0000906
0000907
0000908
0000909
0000910
0000911
0000912
0000913
0000914
0000915
0000916
0000917
0000918
0000919
0000920
0000921
0000922
0000923
0000924
0000925
0000926
0000927
0000928
0000929
0000930
0000931
0000932
0000933
0000934
0000935
0000936
0000937
0000938
0000939
0000940
0000941
0000942
0000943
0000944
0000945
0000946
0000947
0000948
0000949
0000950
0000951
0000952
0000953
0000954
0000955
0000956
0000957
0000958
0000959
0000960
0000961
0000962
0000963
0000964
0000965
0000966
0000967
0000968
0000969
0000970
0000971
0000972
0000973
0000974
0000975
0000976
0000977
0000978
0000979
0000980
0000981
0000982
0000983
0000984
0000985
0000986
0000987
0000988
0000989
0000990
0000991
0000992
0000993
0000994
0000995
0000996
0000997
0000998
0000999
0001000
0001001
0001002
0001003
0001004
0001005
0001006
0001007
0001008
0001009
0001010
0001011
0001012
0001013
0001014
0001015
0001016
0001017
0001018
0001019
0001020
0001021
0001022
0001023
0001024
0001025
0001026
0001027
0001028
0001029
0001030
0001031
0001032
0001033
0001034
0001035
0001036
0001037
0001038
0001039
0001040
0001041
0001042
0001043
0001044
0001045
0001046
0001047
0001048
0001049
0001050
0001051
0001052
0001053
0001054
0001055
0001056
0001057
0001058
0001059
0001060
0001061
0001062
0001063
0001064
0001065
0001066
0001067
0001068
0001069
0001070
0001071
0001072
0001073
0001074
0001075
0001076
0001077
0001078
0001079
0001080
0001081
0001082
0001083
0001084
0001085
0001086
0001087
0001088
0001089
0001090
0001091
0001092
0001093
0001094
0001095
0001096
0001097
0001098
0001099
0001100
0001101
0001102
0001103
0001104
0001105
0001106
0001107
0001108
0001109
0001110
0001111
0001112
0001113
0001114
0001115
0001116
0001117
0001118
0001119
0001120
0001121
0001122
0001123
0001124
0001125
0001126
0001127
0001128
0001129
0001130
0001131
0001132
0001133
0001134
0001135
0001136
0001137
0001138
0001139
0001140
0001141
0001142
0001143
0001144
0001145
0001146
0001147
0001148
0001149
0001150
0001151
0001152
0001153
0001154
0001155
0001156
0001157
0001158
0001159
0001160
0001161
0001162
0001163
0001164
0001165
0001166
0001167
0001168
0001169
0001170
0001171
0001172
0001173
0001174
0001175
0001176
0001177
0001178
0001179
0001180
0001181
0001182
0001183
0001184
0001185
0001186
0001187
0001188
0001189
0001190
0001191
0001192
0001193
0001194
0001195
0001196
0001197
0001198
0001199
0001200
0001201
0001202
0001203
0001204
0001205
0001206
0001207
0001208
0001209
0001210
0001211
0001212
0001213
0001214
0001215
0001216
0001217
0001218
0001219
0001220
0001221
0001222
0001223
0001224
0001225
0001226
0001227
0001228
0001229
0001230
0001231
0001232
0001233
0001234
0001235
0001236
0001237
0001238
0001239
0001240
0001241
0001242
0001243
0001244
0001245
0001246
0001247
0001248
0001249
0001250
0001251
0001252
0001253
0001254
0001255
0001256
0001257
0001258
0001259
0001260
0001261
0001262
0001263
0001264
0001265
0001266
0001267
0001268
0001269
0001270
0001271
0001272
0001273
0001274
0001275
0001276
0001277
0001278
0001279
0001280
0001281
0001282
0001283
0001284
0001285
0001286
0001287
0001288
0001289
0001290
0001291
0001292
0001293
0001294
0001295
0001296
0001297
0001298
0001299
0001300
0001301
0001302
0001303
0001304
0001305
0001306
0001307
0001308
0001309
0001310
0001311
0001312
0001313
0001314
0001315
0001316
0001317
0001318
0001319
0001320
0001321
0001322
0001323
0001324
0001325
0001326
0001327
0001328
0001329
0001330
0001331
0001332
0001333
0001334
0001335
0001336
0001337
0001338
0001339
0001340
0001341
0001342
0001343
0001344
0001345
0001346
0001347
0001348
0001349
0001350
0001351
0001352
0001353
0001354
0001355
0001356
0001357
0001358
0001359
0001360
0001361
0001362
0001363
0001364
0001365
0001366
0001367
0001368
0001369
0001370
0001371
0001372
0001373
0001374
0001375
0001376
0001377
0001378
0001379
0001380
0001381
0001382
0001383
0001384
0001385
0001386
0001387
0001388
0001389
0001390
0001391
0001392
0001393
0001394
0001395
0001396
0001397
0001398
0001399
0001400
0001401
0001402
0001403
0001404
0001405
0001406
0001407
0001408
0001409
0001410
0001411
0001412
0001413
0001414
0001415
0001416
0001417
0001418
0001419
0001420
0001421
0001422
0001423
0001424
0001425
0001426
0001427
0001428
0001429
0001430
0001431
0001432
0001433
0001434
0001435
0001436
0001437
0001438
0001439
0001440
0001441
0001442
0001443
0001444
0001445
0001446
0001447
0001448
0001449
0001450
0001451
0001452
0001453
0001454
0001455
0001456
0001457
0001458
0001459
0001460
0001461
0001462
0001463
0001464
0001465
0001466
0001467
0001468
0001469
0001470
0001471
0001472
0001473
0001474
0001475
0001476
0001477
0001478
0001479
0001480
0001481
0001482
0001483
0001484
0001485
0001486
0001487
0001488
0001489
0001490
0001491
0001492
0001493
0001494
0001495
0001496
0001497
0001498
0001499
0001500
0001501
0001502
0001503
0001504
0001505
0001506
0001507
0001508
0001509
0001510
0001511
0001512
0001513
0001514
0001515
0001516
0001517
0001518
0001519
0001520
0001521
0001522
0001523
0001524
0001525
0001526
0001527
0001528
0001529
0001530
0001531
0001532
0001533
0001534
0001535
0001536
0001537
0001538
0001539
0001540
0001541
0001542
0001543
0001544
0001545
0001546
0001547
0001548
0001549
0001550
0001551
0001552
0001553
0001554
0001555
0001556
0001557
0001558
0001559
0001560
0001561
0001562
0001563
0001564
0001565
0001566
0001567
0001568
0001569
0001570
0001571
0001572
0001573
0001574
0001575
0001576
0001577
0001578
0001579
0001580
0001581
0001582
0001583
0001584
0001585
0001586
0001587
0001588
0001589
0001590
0001591
0001592
0001593
0001594
0001595
0001596
0001597
0001598
0001599
0001600
0001601
0001602
0001603
0001604
0001605
0001606
0001607
0001608
0001609
0001610
0001611
0001612
0001613
0001614
0001615
0001616
0001617
0001618
0001619
0001620
0001621
0001622
0001623
0001624
0001625
0001626
0001627
0001628
0001629
0001630
0001631
0001632
0001633
0001634
0001635
0001636
0001637
0001638
0001639
0001640
0001641
0001642
0001643
0001644
0001645
0001646
0001647
0001648
0001649
0001650
0001651
0001652
0001653
0001654
0001655
0001656
0001657
0001658
0001659
0001660
0001661
0001662
0001663
0001664
0001665
0001666
0001667
0001668
0001669
0001670
0001671
0001672
0001673
0001674
0001675
0001676
0001677
0001678
0001679
0001680
0001681
0001682
0001683
0001684
0001685
0001686
0001687
0001688
0001689
0001690
0001691
0001692
0001693
0001694
0001695
0001696
0001697
0001698
0001699
0001700
0001701
0001702
0001703
0001704
0001705
0001706
0001707
0001708
0001709
0001710
0001711
0001712
0001713
0001714
0001715
0001716
0001717
0001718
0001719
0001720
0001721
0001722
0001723
0001724
0001725
0001726
0001727
0001728
0001729
0001730
0001731
0001732
0001733
0001734
0001735
0001736
0001737
0001738
0001739
0001740
0001741
0001742
0001743
0001744
0001745
0001746
0001747
0001748
0001749
0001750
0001751
0001752
0001753
0001754
0001755
0001756
0001757
0001758
0001759
0001760
0001761
0001762
0001763
0001764
0001765
0001766
0001767
0001768
0001769
0001770
0001771
0001772
0001773
0001774
0001775
0001776
0001777
0001778
0001779
0001780
0001781
0001782
0001783
0001784
0001785
0001786
0001787
0001788
0001789
0001790
0001791
0001792
0001793
0001794
0001795
0001796
0001797
0001798
0001799
0001800
0001801
0001802
0001803
0001804
0001805
0001806
0001807
0001808
0001809
0001810
0001811
0001812
0001813
0001814
0001815
0001816
0001817
0001818
0001819
0001820
0001821
0001822
0001823
0001824
0001825
0001826
0001827
0001828
0001829
0001830
0001831
0001832
0001833
0001834
0001835
0001836
0001837
0001838
0001839
0001840
0001841
0001842
0001843
0001844
0001845
0001846
0001847
0001848
0001849
0001850
0001851
0001852
0001853
0001854
0001855
0001856
0001857
0001858
0001859
0001860
0001861
0001862
0001863
0001864
0001865
0001866
0001867
0001868
0001869
0001870
0001871
0001872
0001873
0001874
0001875
0001876
0001877
0001878
0001879
0001880
0001881
0001882
0001883
0001884
0001885
0001886
0001887
0001888
0001889
0001890
0001891
0001892
0001893
0001894
0001895
0001896
0001897
0001898
0001899
0001900
0001901
0001902
0001903
0001904
0001905
0001906
0001907
0001908
0001909
0001910
0001911
0001912
0001913
0001914
0001915
0001916
0001917
0001918
0001919
0001920
0001921
0001922
0001923
0001924
0001925
0001926
0001927
0001928
0001929
0001930
0001931
0001932
0001933
0001934
0001935
0001936
0001937
0001938
0001939
0001940
0001941
0001942
0001943
0001944
0001945
0001946
0001947
0001948
0001949
0001950
0001951
0001952
0001953
0001954
0001955
0001956
0001957
0001958
0001959
0001960
0001961
0001962
0001963
0001964
0001965
0001966
0001967
0001968
0001969
0001970
0001971
0001972
0001973
0001974
0001975
0001976
0001977
0001978
0001979
0001980
0001981
0001982
0001983
0001984
0001985
0001986
0001987
0001988
0001989
0001990
0001991
0001992
0001993
0001994
0001995
0001996
0001997
0001998
0001999
0002000
0002001
0002002
0002003
0002004
0002005
0002006
0002007
0002008
0002009
0002010
0002011
0002012
0002013
0002014
0002015
0002016
0002017
0002018
0002019
0002020
0002021
0002022
0002023
0002024
0002025
0002026
0002027
0002028
0002029
0002030
0002031
0002032
0002033
0002034
0002035
0002036
0002037
0002038
0002039
0002040
0002041
0002042
0002043
0002044
0002045
0002046
0002047
0002048
0002049
0002050
0002051
0002052
0002053
0002054
0002055
0002056
0002057
0002058
0002059
0002060
0002061
0002062
0002063
0002064
0002065
0002066
0002067
0002068
0002069
0002070
0002071
0002072
0002073
0002074
0002075
0002076
0002077
0002078
0002079
0002080
0002081
0002082
0002083
0002084
0002085
0002086
0002087
0002088
0002089
0002090
0002091
0002092
0002093
0002094
0002095
0002096
0002097
0002098
0002099
0002100
0002101
0002102
0002103
0002104
0002105
0002106
0002107
0002108
0002109
0002110
0002111
0002112
0002113
0002114
0002115
0002116
0002117
0002118
0002119
0002120
0002121
0002122
0002123
0002124
0002125
0002126
0002127
0002128
0002129
0002130
0002131
0002132
0002133
0002134
0002135
0002136
0002137
0002138
0002139
0002140
0002141
0002142
0002143
0002144
0002145
0002146
0002147
0002148
0002149
0002150
0002151
0002152
0002153
0002154
0002155
0002156
0002157
0002158
0002159
0002160
0002161
0002162
0002163
0002164
0002165
0002166
0002167
0002168
0002169
0002170
0002171
0002172
0002173
0002174
0002175
0002176
0002177
0002178
0002179
0002180
0002181
0002182
0002183
0002184
0002185
0002186
0002187
0002188
0002189
0002190
0002191
0002192
0002193
0002194
0002195
0002196
0002197
0002198
0002199
0002200
0002201
0002202
0002203
0002204
0002205
0002206
0002207
0002208
0002209
0002210
0002211
0002212
0002213
0002214
0002215
0002216
0002217
0002218
0002219
0002220
0002221
0002222
0002223
0002224
0002225
0002226
0002227
0002228
0002229
0002230
0002231
0002232
0002233
0002234
0002235
0002236
0002237
0002238
0002239
0002240
0002241
0002242
0002243
0002244
0002245
0002246
0002247
0002248
0002249
0002250
0002251
0002252
0002253
0002254
0002255
0002256
0002257
0002258
0002259
0002260
0002261
0002262
0002263
0002264
0002265
0002266
0002267
0002268
0002269
0002270
0002271
0002272
0002273
0002274
0002275
0002276
0002277
0002278
0002279
0002280
0002281
0002282
0002283
0002284
0002285
0002286
0002287
0002288
0002289
0002290
0002291
0002292
0002293
0002294
0002295
0002296
0002297
0002298
0002299
0002300
0002301
0002302
0002303
0002304
0002305
0002306
0002307
0002308
0002309
0002310
0002311
0002312
0002313
0002314
0002315
0002316
0002317
0002318
0002319
0002320
0002321
0002322
0002323
0002324
0002325
0002326
0002327
0002328
0002329
0002330
0002331
0002332
0002333
0002334
0002335
0002336
0002337
0002338
0002339
0002340
0002341
0002342
0002343
0002344
0002345
0002346
0002347
0002348
0002349
0002350
0002351
0002352
0002353
0002354
0002355
0002356
0002357
0002358
0002359
0002360
0002361
0002362
0002363
0002364
0002365
0002366
0002367
0002368
0002369
0002370
0002371
0002372
0002373
0002374
0002375
0002376
0002377
0002378
0002379
0002380
0002381
0002382
0002383
0002384
0002385
0002386
0002387
0002388
0002389
0002390
0002391
0002392
0002393
0002394
0002395
0002396
0002397
0002398
0002399
0002400
0002401
0002402
0002403
0002404
0002405
0002406
0002407
0002408
0002409
0002410
0002411
0002412
0002413
0002414
0002415
0002416
0002417
0002418
0002419
0002420
0002421
0002422
0002423
0002424
0002425
0002426
0002427
0002428
0002429
0002430
0002431
0002432
0002433
0002434
0002435
0002436
0002437
0002438
0002439
0002440
0002441
0002442
0002443
0002444
0002445
0002446
0002447
0002448
0002449
0002450
0002451
0002452
0002453
0002454
0002455
0002456
0002457
0002458
0002459
0002460
0002461
0002462
0002463
0002464
0002465
0002466
0002467
0002468
0002469
0002470
0002471
0002472
0002473
0002474
0002475
0002476
0002477
0002478
0002479
0002480
0002481
0002482
0002483
0002484
0002485
0002486
0002487
0002488
0002489
0002490
0002491
0002492
0002493
0002494
0002495
0002496
0002497
0002498
0002499
0002500
0002501
0002502
0002503
0002504
0002505
0002506
0002507
0002508
0002509
0002510
0002511
0002512
0002513
0002514
0002515
0002516
0002517
0002518
0002519
0002520
0002521
0002522
0002523
0002524
0002525
0002526
0002527
0002528
0002529
0002530
0002531
0002532
0002533
0002534
0002535
0002536
0002537
0002538
0002539
0002540
0002541
0002542
0002543
0002544
0002545
0002546
0002547
0002548
0002549
0002550
0002551
0002552
0002553
0002554
0002555
0002556
0002557
0002558
0002559
0002560
0002561
0002562
0002563
0002564
0002565
0002566
0002567
0002568
0002569
0002570
0002571
0002572
0002573
0002574
0002575
0002576
0002577
0002578
0002579
0002580
0002581
0002582
0002583
0002584
0002585
0002586
0002587
0002588
0002589
0002590
0002591
0002592
0002593
0002594
0002595
0002596
0002597
0002598
0002599
0002600
0002601
0002602
0002603
0002604
0002605
0002606
0002607
0002608
0002609
0002610
0002611
0002612
0002613
0002614
0002615
0002616
0002617
0002618
0002619
0002620
0002621
0002622
0002623
0002624
0002625
0002626
0002627
0002628
0002629
0002630
0002631
0002632
0002633
0002634
0002635
0002636
0002637
0002638
0002639
0002640
0002641
0002642
0002643
0002644
0002645
0002646
0002647
0002648
0002649
0002650
0002651
0002652
0002653
0002654
0002655
0002656
0002657
0002658
0002659
0002660
0002661
0002662
0002663
0002664
0002665
0002666
0002667
0002668
0002669
0002670
0002671
0002672
0002673
0002674
0002675
0002676
0002677
0002678
0002679
0002680
0002681
0002682
0002683
0002684
0002685
0002686
0002687
0002688
0002689
0002690
0002691
0002692
0002693
0002694
0002695
0002696
0002697
0002698
0002699
0002700
0002701
0002702
0002703
0002704
0002705
0002706
0002707
0002708
0002709
0002710
0002711
0002712
0002713
0002714
0002715
0002716
0002717
0002718
0002719
0002720
0002721
0002722
0002723
0002724
0002725
0002726
0002727
0002728
0002729
0002730
0002731
0002732
0002733
0002734
0002735
0002736
0002737
0002738
0002739
0002740
0002741
0002742
0002743
0002744
0002745
0002746
0002747
0002748
0002749
0002750
0002751
0002752
0002753
0002754
0002755
0002756
0002757
0002758
0002759
0002760
0002761
0002762
0002763
0002764
0002765
0002766
0002767
0002768
0002769
0002770
0002771
0002772
0002773
0002774
0002775
0002776
0002777
0002778
0002779
0002780
0002781
0002782
0002783
0002784
0002785
0002786
0002787
0002788
0002789
0002790
0002791
0002792
0002793
0002794
0002795
0002796
0002797
0002798
0002799
0002800
0002801
0002802
0002803
0002804
0002805
0002806
0002807
0002808
0002809
0002810
0002811
0002812
0002813
0002814
0002815
0002816
0002817
0002818
0002819
0002820
0002821
0002822
0002823
0002824
0002825
0002826
0002827
0002828
0002829
0002830
0002831
0002832
0002833
0002834
0002835
0002836
0002837
0002838
0002839
0002840
0002841
0002842
0002843
0002844
0002845
0002846
0002847
0002848
0002849
0002850
0002851
0002852
0002853
0002854
0002855
0002856
0002857
0002858
0002859
0002860
0002861
0002862
0002863
0002864
0002865
0002866
0002867
0002868
0002869
0002870
0002871
0002872
0002873
0002874
0002875
0002876
0002877
0002878
0002879
0002880
0002881
0002882
0002883
0002884
0002885
0002886
0002887
0002888
0002889
0002890
0002891
0002892
0002893
0002894
0002895
0002896
0002897
0002898
0002899
0002900
0002901
0002902
0002903
0002904
0002905
0002906
0002907
0002908
0002909
0002910
0002911
0002912
0002913
0002914
0002915
0002916
0002917
0002918
0002919
0002920
0002921
0002922
0002923
0002924
0002925
0002926
0002927
0002928
0002929
0002930
0002931
0002932
0002933
0002934
0002935
0002936
0002937
0002938
0002939
0002940
0002941
0002942
0002943
0002944
0002945
0002946
0002947
0002948
0002949
0002950
0002951
0002952
0002953
0002954
0002955
0002956
0002957
0002958
0002959
0002960
0002961
0002962
0002963
0002964
0002965
0002966
0002967
0002968
0002969
0002970
0002971
0002972
0002973
0002974
0002975
0002976
0002977
0002978
0002979
0002980
0002981
0002982
0002983
0002984
0002985
0002986
0002987
0002988
0002989
0002990
0002991
0002992
0002993
0002994
0002995
0002996
0002997
0002998
0002999
0003000
0003001
0003002
0003003
0003004
0003005
0003006
0003007
0003008
0003009
0003010
0003011
0003012
0003013
0003014
0003015
0003016
0003017
0003018
0003019
0003020
0003021
0003022
0003023
0003024
0003025
0003026
0003027
0003028
0003029
0003030
0003031
0003032
0003033
0003034
0003035
0003036
0003037
0003038
0003039
0003040
0003041
0003042
0003043
0003044
0003045
0003046
0003047
0003048
0003049
0003050
0003051
0003052
0003053
0003054
0003055
0003056
0003057
0003058
0003059
0003060
0003061
0003062
0003063
0003064
0003065
0003066
0003067
0003068
0003069
0003070
0003071
0003072
0003073
0003074
0003075
0003076
0003077
0003078
0003079
0003080
0003081
0003082
0003083
0003084
0003085
0003086
0003087
0003088
0003089
0003090
0003091
0003092
0003093
0003094
0003095
0003096
0003097
0003098
0003099
0003100
0003101
0003102
0003103
0003104
0003105
0003106
0003107
0003108
0003109
0003110
0003111
0003112
0003113
0003114
0003115
0003116
0003117
0003118
0003119
0003120
0003121
0003122
0003123
0003124
0003125
0003126
0003127
0003128
0003129
0003130
0003131
0003132
0003133
0003134
0003135
0003136
0003137
0003138
0003139
0003140
0003141
0003142
0003143
0003144
0003145
0003146
0003147
0003148
0003149
0003150
0003151
0003152
0003153
0003154
0003155
0003156
0003157
0003158
0003159
0003160
0003161
0003162
0003163
0003164
0003165
0003166
0003167
0003168
0003169
0003170
0003171
0003172
0003173
0003174
0003175
0003176
0003177
0003178
0003179
0003180
0003181
0003182
0003183
0003184
0003185
0003186
0003187
0003188
0003189
0003190
0003191
0003192
0003193
0003194
0003195
0003196
0003197
0003198
0003199
0003200
0003201
0003202
0003203
0003204
0003205
0003206
0003207
0003208
0003209
0003210
0003211
0003212
0003213
0003214
0003215
0003216
0003217
0003218
0003219
0003220
0003221
0003222
0003223
0003224
0003225
0003226
0003227
0003228
0003229
0003230
0003231
0003232
0003233
0003234
0003235
0003236
0003237
0003238
0003239
0003240
0003241
0003242
0003243
0003244
0003245
0003246
0003247
0003248
0003249
0003250
0003251
0003252
0003253
0003254
0003255
0003256
0003257
0003258
0003259
0003260
0003261
0003262
0003263
0003264
0003265
0003266
0003267
0003268
0003269
0003270
0003271
0003272
0003273
0003274
0003275
0003276
0003277
0003278
0003279
0003280
0003281
0003282
0003283
0003284
0003285
0003286
0003287
0003288
0003289
0003290
0003291
0003292
0003293
0003294
0003295
0003296
0003297
0003298
0003299
0003300
0003301
0003302
0003303
0003304
0003305
0003306
0003307
0003308
0003309
0003310
0003311
0003312
0003313
0003314
0003315
0003316
0003317
0003318
0003319
0003320
0003321
0003322
0003323
0003324
0003325
0003326
0003327
0003328
0003329
0003330
0003331
0003332
0003333
0003334
0003335
0003336
0003337
0003338
0003339
0003340
0003341
0003342
0003343
0003344
0003345
0003346
0003347
0003348
0003349
0003350
0003351
0003352
0003353
0003354
0003355
0003356
0003357
0003358
0003359
0003360
0003361
0003362
0003363
0003364
0003365
0003366
0003367
0003368
0003369
0003370
0003371
0003372
0003373
0003374
0003375
0003376
0003377
0003378
0003379
0003380
0003381
0003382
0003383
0003384
0003385
0003386
0003387
0003388
0003389
0003390
0003391
0003392
0003393
0003394
0003395
0003396
0003397
0003398
0003399
0003400
0003401
0003402
0003403
0003404
0003405
0003406
0003407
0003408
0003409
0003410
0003411
0003412
0003413
0003414
0003415
0003416
0003417
0003418
0003419
0003420
0003421
0003422
0003423
0003424
0003425
0003426
0003427
0003428
0003429
0003430
0003431
0003432
0003433
0003434
0003435
0003436
0003437
0003438
0003439
0003440
0003441
0003442
0003443
0003444
0003445
0003446
0003447
0003448
0003449
0003450
0003451
0003452
0003453
0003454
0003455
0003456
0003457
0003458
0003459
0003460
0003461
0003462
0003463
0003464
0003465
0003466
0003467
0003468
0003469
0003470
0003471
0003472
0003473
0003474
0003475
0003476
0003477
0003478
0003479
0003480
0003481
0003482
0003483
0003484
0003485
0003486
0003487
0003488
0003489
0003490
0003491
0003492
0003493
0003494
0003495
0003496
0003497
0003498
0003499
0003500
0003501
0003502
0003503
0003504
0003505
0003506
0003507
0003508
0003509
0003510
0003511
0003512
0003513
0003514
0003515
0003516
0003517
0003518
0003519
0003520
0003521
0003522
0003523
0003524
0003525
0003526
0003527
0003528
0003529
0003530
0003531
0003532
0003533
0003534
0003535
0003536
0003537
0003538
0003539
0003540
0003541
0003542
0003543
0003544
0003545
0003546
0003547
0003548
0003549
0003550
0003551
0003552
0003553
0003554
0003555
0003556
0003557
0003558
0003559
0003560
0003561
0003562
0003563
0003564
0003565
0003566
0003567
0003568
0003569
0003570
0003571
0003572
0003573
0003574
0003575
0003576
0003577
0003578
0003579
0003580
0003581
0003582
0003583
0003584
0003585
0003586
0003587
0003588
0003589
0003590
0003591
0003592
0003593
0003594
0003595
0003596
0003597
0003598
0003599
0003600
0003601
0003602
0003603
0003604
0003605
0003606
0003607
0003608
0003609
0003610
0003611
0003612
0003613
0003614
0003615
0003616
0003617
0003618
0003619
0003620
0003621
0003622
0003623
0003624
0003625
0003626
0003627
0003628
0003629
0003630
0003631
0003632
0003633
0003634
0003635
0003636
0003637
0003638
0003639
0003640
0003641
0003642
0003643
0003644
0003645
0003646
0003647
0003648
0003649
0003650
0003651
0003652
0003653
0003654
0003655
0003656
0003657
0003658
0003659
0003660
0003661
0003662
0003663
0003664
0003665
0003666
0003667
0003668
0003669
0003670
0003671
0003672
0003673
0003674
0003675
0003676
0003677
0003678
0003679
0003680
0003681
0003682
0003683
0003684
0003685
0003686
0003687
0003688
0003689
0003690
0003691
0003692
0003693
0003694
0003695
0003696
0003697
0003698
0003699
0003700
0003701
0003702
0003703
0003704
0003705
0003706
0003707
0003708
0003709
0003710
0003711
0003712
0003713
0003714
0003715
0003716
0003717
0003718
0003719
0003720
0003721
0003722
0003723
0003724
0003725
0003726
0003727
0003728
0003729
0003730
0003731
0003732
0003733
0003734
0003735
0003736
0003737
0003738
0003739
0003740
0003741
0003742
0003743
0003744
0003745
0003746
0003747
0003748
0003749
0003750
0003751
0003752
0003753
0003754
0003755
0003756
0003757
0003758
0003759
0003760
0003761
0003762
0003763
0003764
0003765
0003766
0003767
0003768
0003769
0003770
0003771
0003772
0003773
0003774
0003775
0003776
0003777
0003778
0003779
0003780
0003781
0003782
0003783
0003784
0003785
0003786
0003787
0003788
0003789
0003790
0003791
0003792
0003793
0003794
0003795
0003796
0003797
0003798
0003799
0003800
0003801
0003802
0003803
0003804
0003805
0003806
0003807
0003808
0003809
0003810
0003811
0003812
0003813
0003814
0003815
0003816
0003817
0003818
0003819
0003820
0003821
0003822
0003823
0003824
0003825
0003826
0003827
0003828
0003829
0003830
0003831
0003832
0003833
0003834
0003835
0003836
0003837
0003838
0003839
0003840
0003841
0003842
0003843
0003844
0003845
0003846
0003847
0003848
0003849
0003850
0003851
0003852
0003853
0003854
0003855
0003856
0003857
0003858
0003859
0003860
0003861
0003862
0003863
0003864
0003865
0003866
0003867
0003868
0003869
0003870
0003871
0003872
0003873
0003874
0003875
0003876
0003877
0003878
0003879
0003880
0003881
0003882
0003883
0003884
0003885
0003886
0003887
0003888
0003889
0003890
0003891
0003892
0003893
0003894
0003895
0003896
0003897
0003898
0003899
0003900
0003901
0003902
0003903
0003904
0003905
0003906
0003907
0003908
0003909
0003910
0003911
0003912
0003913
0003914
0003915
0003916
0003917
0003918
0003919
0003920
0003921
0003922
0003923
0003924
0003925
0003926
0003927
0003928
0003929
0003930
0003931
0003932
0003933
0003934
0003935
0003936
0003937
0003938
0003939
0003940
0003941
0003942
0003943
0003944
0003945
0003946
0003947
0003948
0003949
0003950
0003951
0003952
0003953
0003954
0003955
0003956
0003957
0003958
0003959
0003960
0003961
0003962
0003963
0003964
0003965
0003966
0003967
0003968
0003969
0003970
0003971
0003972
0003973
0003974
0003975
0003976
0003977
0003978
0003979
0003980
0003981
0003982
0003983
0003984
0003985
0003986
0003987
0003988
0003989
0003990
0003991
0003992
0003993
0003994
0003995
0003996
0003997
0003998
0003999
0004000
0004001
0004002
0004003
0004004
0004005
0004006
0004007
0004008
0004009
0004010
0004011
0004012
0004013
0004014
0004015
0004016
0004017
0004018
0004019
0004020
0004021
0004022
0004023
0004024
0004025
0004026
0004027
0004028
0004029
0004030
0004031
0004032
0004033
0004034
0004035
0004036
0004037
0004038
0004039
0004040
0004041
0004042
0004043
0004044
0004045
0004046
0004047
0004048
0004049
0004050
0004051
0004052
0004053
0004054
0004055
0004056
0004057
0004058
0004059
0004060
0004061
0004062
0004063
0004064
0004065
0004066
0004067
0004068
0004069
0004070
0004071
0004072
0004073
0004074
0004075
0004076
0004077
0004078
0004079
0004080
0004081
0004082
0004083
0004084
0004085
0004086
0004087
0004088
0004089
0004090
0004091
0004092
0004093
0004094
0004095
0004096
0004097
0004098
0004099
0004100
0004101
0004102
0004103
0004104
0004105
0004106
0004107
0004108
0004109
0004110
0004111
0004112
0004113
0004114
0004115
0004116
0004117
0004118
0004119
0004120
0004121
0004122
0004123
0004124
0004125
0004126
0004127
0004128
0004129
0004130
0004131
0004132
0004133
0004134
0004135
0004136
0004137
0004138
0004139
0004140
0004141
0004142
0004143
0004144
0004145
0004146
0004147
0004148
0004149
0004150
0004151
0004152
0004153
0004154
0004155
0004156
0004157
0004158
0004159
0004160
0004161
0004162
0004163
0004164
0004165
0004166
0004167
0004168
0004169
0004170
0004171
0004172
0004173
0004174
0004175
0004176
0004177
0004178
0004179
0004180
0004181
0004182
0004183
0004184
0004185
0004186
0004187
0004188
0004189
0004190
0004191
0004192
0004193
0004194
0004195
0004196
0004197
0004198
0004199
0004200
0004201
0004202
0004203
0004204
0004205
0004206
0004207
0004208
0004209
0004210
0004211
0004212
0004213
0004214
0004215
0004216
0004217
0004218
0004219
0004220
0004221
0004222
0004223
0004224
0004225
0004226
0004227
0004228
0004229
0004230
0004231
0004232
0004233
0004234
0004235
0004236
0004237
0004238
0004239
0004240
0004241
0004242
0004243
0004244
0004245
0004246
0004247
0004248
0004249
0004250
0004251
0004252
0004253
0004254
0004255
0004256
0004257
0004258
0004259
0004260
0004261
0004262
0004263
0004264
0004265
0004266
0004267
0004268
0004269
0004270
0004271
0004272
0004273
0004274
0004275
0004276
0004277
0004278
0004279
0004280
0004281
0004282
0004283
0004284
0004285
0004286
0004287
0004288
0004289
0004290
0004291
0004292
0004293
0004294
0004295
0004296
0004297
0004298
0004299
0004300
0004301
0004302
0004303
0004304
0004305
0004306
0004307
0004308
0004309
0004310
0004311
0004312
0004313
0004314
0004315
0004316
0004317
0004318
0004319
0004320
0004321
0004322
0004323
0004324
0004325
0004326
0004327
0004328
0004329
0004330
0004331
0004332
0004333
0004334
0004335
0004336
0004337
0004338
0004339
0004340
0004341
0004342
0004343
0004344
0004345
0004346
0004347
0004348
0004349
0004350
0004351
0004352
0004353
0004354
0004355
0004356
0004357
0004358
0004359
0004360
0004361
0004362
0004363
0004364
0004365
0004366
0004367
0004368
0004369
0004370
0004371
0004372
0004373
0004374
0004375
0004376
0004377
0004378
0004379
0004380
0004381
0004382
0004383
0004384
0004385
0004386
0004387
0004388
0004389
0004390
0004391
0004392
0004393
0004394
0004395
0004396
0004397
0004398
0004399
0004400
0004401
0004402
0004403
0004404
0004405
0004406
0004407
0004408
0004409
0004410
0004411
0004412
0004413
0004414
0004415
0004416
0004417
0004418
0004419
0004420
0004421
0004422
0004423
0004424
0004425
0004426
0004427
0004428
0004429
0004430
0004431
0004432
0004433
0004434
0004435
0004436
0004437
0004438
0004439
0004440
0004441
0004442
0004443
0004444
0004445
0004446
0004447
0004448
0004449
0004450
0004451
0004452
0004453
0004454
0004455
0004456
0004457
0004458
0004459
0004460
0004461
0004462
0004463
0004464
0004465
0004466
0004467
0004468
0004469
0004470
0004471
0004472
0004473
0004474
0004475
0004476
0004477
0004478
0004479
0004480
0004481
0004482
0004483
0004484
0004485
0004486
0004487
0004488
0004489
0004490
0004491
0004492
0004493
0004494
0004495
0004496
0004497
0004498
0004499
0004500
0004501
0004502
0004503
0004504
0004505
0004506
0004507
0004508
0004509
0004510
0004511
0004512
0004513
0004514
0004515
0004516
0004517
0004518
0004519
0004520
0004521
0004522
0004523
0004524
0004525
0004526
0004527
0004528
0004529
0004530
0004531
0004532
0004533
0004534
0004535
0004536
0004537
0004538
0004539
0004540
0004541
0004542
0004543
0004544
0004545
0004546
0004547
0004548
0004549
0004550
0004551
0004552
0004553
0004554
0004555
0004556
0004557
0004558
0004559
0004560
0004561
0004562
0004563
0004564
0004565
0004566
0004567
0004568
0004569
0004570
0004571
0004572
0004573
0004574
0004575
0004576
0004577
0004578
0004579
0004580
0004581
0004582
0004583
0004584
0004585
0004586
0004587
0004588
0004589
0004590
0004591
0004592
0004593
0004594
0004595
0004596
0004597
0004598
0004599
0004600
0004601
0004602
0004603
0004604
0004605
0004606
0004607
0004608
0004609
0004610
0004611
0004612
0004613
0004614
0004615
0004616
0004617
0004618
0004619
0004620
0004621
0004622
0004623
0004624
0004625
0004626
0004627
0004628
0004629
0004630
0004631
0004632
0004633
0004634
0004635
0004636
0004637
0004638
0004639
0004640
0004641
0004642
0004643
0004644
0004645
0004646
0004647
0004648
0004649
0004650
0004651
0004652
0004653
0004654
0004655
0004656
0004657
0004658
0004659
0004660
0004661
0004662
0004663
0004664
0004665
0004666
0004667
0004668
0004669
0004670
0004671
0004672
0004673
0004674
0004675
0004676
0004677
0004678
0004679
0004680
0004681
0004682
0004683
0004684
0004685
0004686
0004687
0004688
0004689
0004690
0004691
0004692
0004693
0004694
0004695
0004696
0004697
0004698
0004699
0004700
0004701
0004702
0004703
0004704
0004705
0004706
0004707
0004708
0004709
0004710
0004711
0004712
0004713
0004714
0004715
0004716
0004717
0004718
0004719
0004720
0004721
0004722
0004723
0004724
0004725
0004726
0004727
0004728
0004729
0004730
0004731
0004732
0004733
0004734
0004735
0004736
0004737
0004738
0004739
0004740
0004741
0004742
0004743
0004744
0004745
0004746
0004747
0004748
0004749
0004750
0004751
0004752
0004753
0004754
0004755
0004756
0004757
0004758
0004759
0004760
0004761
0004762
0004763
0004764
0004765
0004766
0004767
0004768
0004769
0004770
0004771
0004772
0004773
0004774
0004775
0004776
0004777
0004778
0004779
0004780
0004781
0004782
0004783
0004784
0004785
0004786
0004787
0004788
0004789
0004790
0004791
0004792
0004793
0004794
0004795
0004796
0004797
0004798
0004799
0004800
0004801
0004802
0004803
0004804
0004805
0004806
0004807
0004808
0004809
0004810
0004811
0004812
0004813
0004814
0004815
0004816
0004817
0004818
0004819
0004820
0004821
0004822
0004823
0004824
0004825
0004826
0004827
0004828
0004829
0004830
0004831
0004832
0004833
0004834
0004835
0004836
0004837
0004838
0004839
0004840
0004841
0004842
0004843
0004844
0004845
0004846
0004847
0004848
0004849
0004850
0004851
0004852
0004853
0004854
0004855
0004856
0004857
0004858
0004859
0004860
0004861
0004862
0004863
0004864
0004865
0004866
0004867
0004868
0004869
0004870
0004871
0004872
0004873
0004874
0004875
0004876
0004877
0004878
0004879
0004880
0004881
0004882
0004883
0004884
0004885
0004886
0004887
0004888
0004889
0004890
0004891
0004892
0004893
0004894
0004895
0004896
0004897
0004898
0004899
0004900
0004901
0004902
0004903
0004904
0004905
0004906
0004907
0004908
0004909
0004910
0004911
0004912
0004913
0004914
0004915
0004916
0004917
0004918
0004919
0004920
0004921
0004922
0004923
0004924
0004925
0004926
0004927
0004928
0004929
0004930
0004931
0004932
0004933
0004934
0004935
0004936
0004937
0004938
0004939
0004940
0004941
0004942
0004943
0004944
0004945
0004946
0004947
0004948
0004949
0004950
0004951
0004952
0004953
0004954
0004955
0004956
0004957
0004958
0004959
0004960
0004961
0004962
0004963
0004964
0004965
0004966
0004967
0004968
0004969
0004970
0004971
0004972
0004973
0004974
0004975
0004976
0004977
0004978
0004979
0004980
0004981
0004982
0004983
0004984
0004985
0004986
0004987
0004988
0004989
0004990
0004991
0004992
0004993
0004994
0004995
0004996
0004997
0004998
0004999
0005000
0005001
0005002
0005003
0005004
0005005
0005006
0005007
0005008
0005009
0005010
0005011
0005012
0005013
0005014
0005015
0005016
0005017
0005018
0005019
0005020
0005021
0005022
0005023
0005024
0005025
0005026
0005027
0005028
0005029
0005030
0005031
0005032
0005033
0005034
0005035
0005036
0005037
0005038
0005039
0005040
0005041
0005042
0005043
0005044
0005045
0005046
0005047
0005048
0005049
0005050
0005051
0005052
0005053
0005054
0005055
0005056
0005057
0005058
0005059
0005060
0005061
0005062
0005063
0005064
0005065
0005066
0005067
0005068
0005069
0005070
0005071
0005072
0005073
0005074
0005075
0005076
0005077
0005078
0005079
0005080
0005081
0005082
0005083
0005084
0005085
0005086
0005087
0005088
0005089
0005090
0005091
0005092
0005093
0005094
0005095
0005096
0005097
0005098
0005099
0005100
0005101
0005102
0005103
0005104
0005105
0005106
0005107
0005108
0005109
0005110
0005111
0005112
0005113
0005114
0005115
0005116
0005117
0005118
0005119
0005120
0005121
0005122
0005123
0005124
0005125
0005126
0005127
0005128
0005129
0005130
0005131
0005132
0005133
0005134
0005135
0005136
0005137
0005138
0005139
0005140
0005141
0005142
0005143
0005144
0005145
0005146
0005147
0005148
0005149
0005150
0005151
0005152
0005153
0005154
0005155
0005156
0005157
0005158
0005159
0005160
0005161
0005162
0005163
0005164
0005165
0005166
0005167
0005168
0005169
0005170
0005171
0005172
0005173
0005174
0005175
0005176
0005177
0005178
0005179
0005180
0005181
0005182
0005183
0005184
0005185
0005186
0005187
0005188
0005189
0005190
0005191
0005192
0005193
0005194
0005195
0005196
0005197
0005198
0005199
0005200
0005201
0005202
0005203
0005204
0005205
0005206
0005207
0005208
0005209
0005210
0005211
0005212
0005213
0005214
0005215
0005216
0005217
0005218
0005219
0005220
0005221
0005222
0005223
0005224
0005225
0005226
0005227
0005228
0005229
0005230
0005231
0005232
0005233
0005234
0005235
0005236
0005237
0005238
0005239
0005240
0005241
0005242
0005243
0005244
0005245
0005246
0005247
0005248
0005249
0005250
0005251
0005252
0005253
0005254
0005255
0005256
0005257
0005258
0005259
0005260
0005261
0005262
0005263
0005264
0005265
0005266
0005267
0005268
0005269
0005270
0005271
0005272
0005273
0005274
0005275
0005276
0005277
0005278
0005279
0005280
0005281
0005282
0005283
0005284
0005285
0005286
0005287
0005288
0005289
0005290
0005291
0005292
0005293
0005294
0005295
0005296
0005297
0005298
0005299
0005300
0005301
0005302
0005303
0005304
0005305
0005306
0005307
0005308
0005309
0005310
0005311
0005312
0005313
0005314
0005315
0005316
0005317
0005318
0005319
0005320
0005321
0005322
0005323
0005324
0005325
0005326
0005327
0005328
0005329
0005330
0005331
0005332
0005333
0005334
0005335
0005336
0005337
0005338
0005339
0005340
0005341
0005342
0005343
0005344
0005345
0005346
0005347
0005348
0005349
0005350
0005351
0005352
0005353
0005354
0005355
0005356
0005357
0005358
0005359
0005360
0005361
0005362
0005363
0005364
0005365
0005366
0005367
0005368
0005369
0005370
0005371
0005372
0005373
0005374
0005375
0005376
0005377
0005378
0005379
0005380
0005381
0005382
0005383
0005384
0005385
0005386
0005387
0005388
0005389
0005390
0005391
0005392
0005393
0005394
0005395
0005396
0005397
0005398
0005399
0005400
0005401
0005402
0005403
0005404
0005405
0005406
0005407
0005408
0005409
0005410
0005411
0005412
0005413
0005414
0005415
0005416
0005417
0005418
0005419
0005420
0005421
0005422
0005423
0005424
0005425
0005426
0005427
0005428
0005429
0005430
0005431
0005432
0005433
0005434
0005435
0005436
0005437
0005438
0005439
0005440
0005441
0005442
0005443
0005444
0005445
0005446
0005447
0005448
0005449
0005450
0005451
0005452
0005453
0005454
0005455
0005456
0005457
0005458
0005459
0005460
0005461
0005462
0005463
0005464
0005465
0005466
0005467
0005468
0005469
0005470
0005471
0005472
0005473
0005474
0005475
0005476
0005477
0005478
0005479
0005480
0005481
0005482
0005483
0005484
0005485
0005486
0005487
0005488
0005489
0005490
0005491
0005492
0005493
0005494
0005495
0005496
0005497
0005498
0005499
0005500
0005501
0005502
0005503
0005504
0005505
0005506
0005507
0005508
0005509
0005510
0005511
0005512
0005513
0005514
0005515
0005516
0005517
0005518
0005519
0005520
0005521
0005522
0005523
0005524
0005525
0005526
0005527
0005528
0005529
0005530
0005531
0005532
0005533
0005534
0005535
0005536
0005537
0005538
0005539
0005540
0005541
0005542
0005543
0005544
0005545
0005546
0005547
0005548
0005549
0005550
0005551
0005552
0005553
0005554
0005555
0005556
0005557
0005558
0005559
0005560
0005561
0005562
0005563
0005564
0005565
0005566
0005567
0005568
0005569
0005570
0005571
0005572
0005573
0005574
0005575
0005576
0005577
0005578
0005579
0005580
0005581
0005582
0005583
0005584
0005585
0005586
0005587
0005588
0005589
0005590
0005591
0005592
0005593
0005594
0005595
0005596
0005597
0005598
0005599
0005600
0005601
0005602
0005603
0005604
0005605
0005606
0005607
0005608
0005609
0005610
0005611
0005612
0005613
0005614
0005615
0005616
0005617
0005618
0005619
0005620
0005621
0005622
0005623
0005624
0005625
0005626
0005627
0005628
0005629
0005630
0005631
0005632
0005633
0005634
0005635
0005636
0005637
0005638
0005639
0005640
0005641
0005642
0005643
0005644
0005645
0005646
0005647
0005648
0005649
0005650
0005651
0005652
0005653
0005654
0005655
0005656
0005657
0005658
0005659
0005660
0005661
0005662
0005663
0005664
0005665
0005666
0005667
0005668
0005669
0005670
0005671
0005672
0005673
0005674
0005675
0005676
0005677
0005678
0005679
0005680
0005681
0005682
0005683
0005684
0005685
0005686
0005687
0005688
0005689
0005690
0005691
0005692
0005693
0005694
0005695
0005696
0005697
0005698
0005699
0005700
0005701
0005702
0005703
0005704
0005705
0005706
0005707
0005708
0005709
0005710
0005711
0005712
0005713
0005714
0005715
0005716
0005717
0005718
0005719
0005720
0005721
0005722
0005723
0005724
0005725
0005726
0005727
0005728
0005729
0005730
0005731
0005732
0005733
0005734
0005735
0005736
0005737
0005738
0005739
0005740
0005741
0005742
0005743
0005744
0005745
0005746
0005747
0005748
0005749
0005750
0005751
0005752
0005753
0005754
0005755
0005756
0005757
0005758
0005759
0005760
0005761
0005762
0005763
0005764
0005765
0005766
0005767
0005768
0005769
0005770
0005771
0005772
0005773
0005774
0005775
0005776
0005777
0005778
0005779
0005780
0005781
0005782
0005783
0005784
0005785
0005786
0005787
0005788
0005789
0005790
0005791
0005792
0005793
0005794
0005795
0005796
0005797
0005798
0005799
0005800
0005801
0005802
0005803
0005804
0005805
0005806
0005807
0005808
0005809
0005810
0005811
0005812
0005813
0005814
0005815
0005816
0005817
0005818
0005819
0005820
0005821
0005822
0005823
0005824
0005825
0005826
0005827
0005828
0005829
0005830
0005831
0005832
0005833
0005834
0005835
0005836
0005837
0005838
0005839
0005840
0005841
0005842
0005843
0005844
0005845
0005846
0005847
0005848
0005849
0005850
0005851
0005852
0005853
0005854
0005855
0005856
0005857
0005858
0005859
0005860
0005861
0005862
0005863
0005864
0005865
0005866
0005867
0005868
0005869
0005870
0005871
0005872
0005873
0005874
0005875
0005876
0005877
0005878
0005879
0005880
0005881
0005882
0005883
0005884
0005885
0005886
0005887
0005888
0005889
0005890
0005891
0005892
0005893
0005894
0005895
0005896
0005897
0005898
0005899
0005900
0005901
0005902
0005903
0005904
0005905
0005906
0005907
0005908
0005909
0005910
0005911
0005912
0005913
0005914
0005915
0005916
0005917
0005918
0005919
0005920
0005921
0005922
0005923
0005924
0005925
0005926
0005927
0005928
0005929
0005930
0005931
0005932
0005933
0005934
0005935
0005936
0005937
0005938
0005939
0005940
0005941
0005942
0005943
0005944
0005945
0005946
0005947
0005948
0005949
0005950
0005951
0005952
0005953
0005954
0005955
0005956
0005957
0005958
0005959
0005960
0005961
0005962
0005963
0005964
0005965
0005966
0005967
0005968
0005969
0005970
0005971
0005972
0005973
0005974
0005975
0005976
0005977
0005978
0005979
0005980
0005981
0005982
0005983
0005984
0005985
0005986
0005987
0005988
0005989
0005990
0005991
0005992
0005993
0005994
0005995
0005996
0005997
0005998
0005999
0006000
0006001
0006002
0006003
0006004
0006005
0006006
0006007
0006008
0006009
0006010
0006011
0006012
0006013
0006014
0006015
0006016
0006017
0006018
0006019
0006020
0006021
0006022
0006023
0006024
0006025
0006026
0006027
0006028
0006029
0006030
0006031
0006032
0006033
0006034
0006035
0006036
0006037
0006038
0006039
0006040
0006041
0006042
0006043
0006044
0006045
0006046
0006047
0006048
0006049
0006050
0006051
0006052
0006053
0006054
0006055
0006056
0006057
0006058
0006059
0006060
0006061
0006062
0006063
0006064
0006065
0006066
0006067
0006068
0006069
0006070
0006071
0006072
0006073
0006074
0006075
0006076
0006077
0006078
0006079
0006080
0006081
0006082
0006083
0006084
0006085
0006086
0006087
0006088
0006089
0006090
0006091
0006092
0006093
0006094
0006095
0006096
0006097
0006098
0006099
0006100
0006101
0006102
0006103
0006104
0006105
0006106
0006107
0006108
0006109
0006110
0006111
0006112
0006113
0006114
0006115
0006116
0006117
0006118
0006119
0006120
0006121
0006122
0006123
0006124
0006125
0006126
0006127
0006128
0006129
0006130
0006131
0006132
0006133
0006134
0006135
0006136
0006137
0006138
0006139
0006140
0006141
0006142
0006143
0006144
0006145
0006146
0006147
0006148
0006149
0006150
0006151
0006152
0006153
0006154
0006155
0006156
0006157
0006158
0006159
0006160
0006161
0006162
0006163
0006164
0006165
0006166
0006167
0006168
0006169
0006170
0006171
0006172
0006173
0006174
0006175
0006176
0006177
0006178
0006179
0006180
0006181
0006182
0006183
0006184
0006185
0006186
0006187
0006188
0006189
0006190
0006191
0006192
0006193
0006194
0006195
0006196
0006197
0006198
0006199
0006200
0006201
0006202
0006203
0006204
0006205
0006206
0006207
0006208
0006209
0006210
0006211
0006212
0006213
0006214
0006215
0006216
0006217
0006218
0006219
0006220
0006221
0006222
0006223
0006224
0006225
0006226
0006227
0006228
0006229
0006230
0006231
0006232
0006233
0006234
0006235
0006236
0006237
0006238
0006239
0006240
0006241
0006242
0006243
0006244
0006245
0006246
0006247
0006248
0006249
0006250
0006251
0006252
0006253
0006254
0006255
0006256
0006257
0006258
0006259
0006260
0006261
0006262
0006263
0006264
0006265
0006266
0006267
0006268
0006269
0006270
0006271
0006272
0006273
0006274
0006275
0006276
0006277
0006278
0006279
0006280
0006281
0006282
0006283
0006284
0006285
0006286
0006287
0006288
0006289
0006290
0006291
0006292
0006293
0006294
0006295
0006296
0006297
0006298
0006299
0006300
0006301
0006302
0006303
0006304
0006305
0006306
0006307
0006308
0006309
0006310
0006311
0006312
0006313
0006314
0006315
0006316
0006317
0006318
0006319
0006320
0006321
0006322
0006323
0006324
0006325
0006326
0006327
0006328
0006329
0006330
0006331
0006332
0006333
0006334
0006335
0006336
0006337
0006338
0006339
0006340
0006341
0006342
0006343
0006344
0006345
0006346
0006347
0006348
0006349
0006350
0006351
0006352
0006353
0006354
0006355
0006356
0006357
0006358
0006359
0006360
0006361
0006362
0006363
0006364
0006365
0006366
0006367
0006368
0006369
0006370
0006371
0006372
0006373
0006374
0006375
0006376
0006377
0006378
0006379
0006380
0006381
0006382
0006383
0006384
0006385
0006386
0006387
0006388
0006389
0006390
0006391
0006392
0006393
0006394
0006395
0006396
0006397
0006398
0006399
0006400
0006401
0006402
0006403
0006404
0006405
0006406
0006407
0006408
0006409
0006410
0006411
0006412
0006413
0006414
0006415
0006416
0006417
0006418
0006419
0006420
0006421
0006422
0006423
0006424
0006425
0006426
0006427
0006428
0006429
0006430
0006431
0006432
0006433
0006434
0006435
0006436
0006437
0006438
0006439
0006440
0006441
0006442
0006443
0006444
0006445
0006446
0006447
0006448
0006449
0006450
0006451
0006452
0006453
0006454
0006455
0006456
0006457
0006458
0006459
0006460
0006461
0006462
0006463
0006464
0006465
0006466
0006467
0006468
0006469
0006470
0006471
0006472
0006473
0006474
0006475
0006476
0006477
0006478
0006479
0006480
0006481
0006482
0006483
0006484
0006485
0006486
0006487
0006488
0006489
0006490
0006491
0006492
0006493
0006494
0006495
0006496
0006497
0006498
0006499
0006500
0006501
0006502
0006503
0006504
0006505
0006506
0006507
0006508
0006509
0006510
0006511
0006512
0006513
0006514
0006515
0006516
0006517
0006518
0006519
0006520
0006521
0006522
0006523
0006524
0006525
0006526
0006527
0006528
0006529
0006530
0006531
0006532
0006533
0006534
0006535
0006536
0006537
0006538
0006539
0006540
0006541
0006542
0006543
0006544
0006545
0006546
0006547
0006548
0006549
0006550
0006551
0006552
0006553
0006554
0006555
0006556
0006557
0006558
0006559
0006560
0006561
0006562
0006563
0006564
0006565
0006566
0006567
0006568
0006569
0006570
0006571
0006572
0006573
0006574
0006575
0006576
0006577
0006578
0006579
0006580
0006581
0006582
0006583
0006584
0006585
0006586
0006587
0006588
0006589
0006590
0006591
0006592
0006593
0006594
0006595
0006596
0006597
0006598
0006599
0006600
0006601
0006602
0006603
0006604
0006605
0006606
0006607
0006608
0006609
0006610
0006611
0006612
0006613
0006614
0006615
0006616
0006617
0006618
0006619
0006620
0006621
0006622
0006623
0006624
0006625
0006626
0006627
0006628
0006629
0006630
0006631
0006632
0006633
0006634
0006635
0006636
0006637
0006638
0006639
0006640
0006641
0006642
0006643
0006644
0006645
0006646
0006647
0006648
0006649
0006650
0006651
0006652
0006653
0006654
0006655
0006656
0006657
0006658
0006659
0006660
0006661
0006662
0006663
0006664
0006665
0006666
0006667
0006668
0006669
0006670
0006671
0006672
0006673
0006674
0006675
0006676
0006677
0006678
0006679
0006680
0006681
0006682
0006683
0006684
0006685
0006686
0006687
0006688
0006689
0006690
0006691
0006692
0006693
0006694
0006695
0006696
0006697
0006698
0006699
0006700
0006701
0006702
0006703
0006704
0006705
0006706
0006707
0006708
0006709
0006710
0006711
0006712
0006713
0006714
0006715
0006716
0006717
0006718
0006719
0006720
0006721
0006722
0006723
0006724
0006725
0006726
0006727
0006728
0006729
0006730
0006731
0006732
0006733
0006734
0006735
0006736
0006737
0006738
0006739
0006740
0006741
0006742
0006743
0006744
0006745
0006746
0006747
0006748
0006749
0006750
0006751
0006752
0006753
0006754
0006755
0006756
0006757
0006758
0006759
0006760
0006761
0006762
0006763
0006764
0006765
0006766
0006767
0006768
0006769
0006770
0006771
0006772
0006773
0006774
0006775
0006776
0006777
0006778
0006779
0006780
0006781
0006782
0006783
0006784
0006785
0006786
0006787
0006788
0006789
0006790
0006791
0006792
0006793
0006794
0006795
0006796
0006797
0006798
0006799
0006800
0006801
0006802
0006803
0006804
0006805
0006806
0006807
0006808
0006809
0006810
0006811
0006812
0006813
0006814
0006815
0006816
0006817
0006818
0006819
0006820
0006821
0006822
0006823
0006824
0006825
0006826
0006827
0006828
0006829
0006830
0006831
0006832
0006833
0006834
0006835
0006836
0006837
0006838
0006839
0006840
0006841
0006842
0006843
0006844
0006845
0006846
0006847
0006848
0006849
0006850
0006851
0006852
0006853
0006854
0006855
0006856
0006857
0006858
0006859
0006860
0006861
0006862
0006863
0006864
0006865
0006866
0006867
0006868
0006869
0006870
0006871
0006872
0006873
0006874
0006875
0006876
0006877
0006878
0006879
0006880
0006881
0006882
0006883
0006884
0006885
0006886
0006887
0006888
0006889
0006890
0006891
0006892
0006893
0006894
0006895
0006896
0006897
0006898
0006899
0006900
0006901
0006902
0006903
0006904
0006905
0006906
0006907
0006908
0006909
0006910
0006911
0006912
0006913
0006914
0006915
0006916
0006917
0006918
0006919
0006920
0006921
0006922
0006923
0006924
0006925
0006926
0006927
0006928
0006929
0006930
0006931
0006932
0006933
0006934
0006935
0006936
0006937
0006938
0006939
0006940
0006941
0006942
0006943
0006944
0006945
0006946
0006947
0006948
0006949
0006950
0006951
0006952
0006953
0006954
0006955
0006956
0006957
0006958
0006959
0006960
0006961
0006962
0006963
0006964
0006965
0006966
0006967
0006968
0006969
0006970
0006971
0006972
0006973
0006974
0006975
0006976
0006977
0006978
0006979
0006980
0006981
0006982
0006983
0006984
0006985
0006986
0006987
0006988
0006989
0006990
0006991
0006992
0006993
0006994
0006995
0006996
0006997
0006998
0006999
0007000
0007001
0007002
0007003
0007004
0007005
0007006
0007007
0007008
0007009
0007010
0007011
0007012
0007013
0007014
0007015
0007016
0007017
0007018
0007019
0007020
0007021
0007022
0007023
0007024
0007025
0007026
0007027
0007028
0007029
0007030
0007031
0007032
0007033
0007034
0007035
0007036
0007037
0007038
0007039
0007040
0007041
0007042
0007043
0007044
0007045
0007046
0007047
0007048
0007049
0007050
0007051
0007052
0007053
0007054
0007055
0007056
0007057
0007058
0007059
0007060
0007061
0007062
0007063
0007064
0007065
0007066
0007067
0007068
0007069
0007070
0007071
0007072
0007073
0007074
0007075
0007076
0007077
0007078
0007079
0007080
0007081
0007082
0007083
0007084
0007085
0007086
0007087
0007088
0007089
0007090
0007091
0007092
0007093
0007094
0007095
0007096
0007097
0007098
0007099
0007100
0007101
0007102
0007103
0007104
0007105
0007106
0007107
0007108
0007109
0007110
0007111
0007112
0007113
0007114
0007115
0007116
0007117
0007118
0007119
0007120
0007121
0007122
0007123
0007124
0007125
0007126
0007127
0007128
0007129
0007130
0007131
0007132
0007133
0007134
0007135
0007136
0007137
0007138
0007139
0007140
0007141
0007142
0007143
0007144
0007145
0007146
0007147
0007148
0007149
0007150
0007151
0007152
0007153
0007154
0007155
0007156
0007157
0007158
0007159
0007160
0007161
0007162
0007163
0007164
0007165
0007166
0007167
0007168
0007169
0007170
0007171
0007172
0007173
0007174
0007175
0007176
0007177
0007178
0007179
0007180
0007181
0007182
0007183
0007184
0007185
0007186
0007187
0007188
0007189
0007190
0007191
0007192
0007193
0007194
0007195
0007196
0007197
0007198
0007199
0007200
0007201
0007202
0007203
0007204
0007205
0007206
0007207
0007208
0007209
0007210
0007211
0007212
0007213
0007214
0007215
0007216
0007217
0007218
0007219
0007220
0007221
0007222
0007223
0007224
0007225
0007226
0007227
0007228
0007229
0007230
0007231
0007232
0007233
0007234
0007235
0007236
0007237
0007238
0007239
0007240
0007241
0007242
0007243
0007244
0007245
0007246
0007247
0007248
0007249
0007250
0007251
0007252
0007253
0007254
0007255
0007256
0007257
0007258
0007259
0007260
0007261
0007262
0007263
0007264
0007265
0007266
0007267
0007268
0007269
0007270
0007271
0007272
0007273
0007274
0007275
0007276
0007277
0007278
0007279
0007280
0007281
0007282
0007283
0007284
0007285
0007286
0007287
0007288
0007289
0007290
0007291
0007292
0007293
0007294
0007295
0007296
0007297
0007298
0007299
0007300
0007301
0007302
0007303
0007304
0007305
0007306
0007307
0007308
0007309
0007310
0007311
0007312
0007313
0007314
0007315
0007316
0007317
0007318
0007319
0007320
0007321
0007322
0007323
0007324
0007325
0007326
0007327
0007328
0007329
0007330
0007331
0007332
0007333
0007334
0007335
0007336
0007337
0007338
0007339
0007340
0007341
0007342
0007343
0007344
0007345
0007346
0007347
0007348
0007349
0007350
0007351
0007352
0007353
0007354
0007355
0007356
0007357
0007358
0007359
0007360
0007361
0007362
0007363
0007364
0007365
0007366
0007367
0007368
0007369
0007370
0007371
0007372
0007373
0007374
0007375
0007376
0007377
0007378
0007379
0007380
0007381
0007382
0007383
0007384
0007385
0007386
0007387
0007388
0007389
0007390
0007391
0007392
0007393
0007394
0007395
0007396
0007397
0007398
0007399
0007400
0007401
0007402
0007403
0007404
0007405
0007406
0007407
0007408
0007409
0007410
0007411
0007412
0007413
0007414
0007415
0007416
0007417
0007418
0007419
0007420
0007421
0007422
0007423
0007424
0007425
0007426
0007427
0007428
0007429
0007430
0007431
0007432
0007433
0007434
0007435
0007436
0007437
0007438
0007439
0007440
0007441
0007442
0007443
0007444
0007445
0007446
0007447
0007448
0007449
0007450
0007451
0007452
0007453
0007454
0007455
0007456
0007457
0007458
0007459
0007460
0007461
0007462
0007463
0007464
0007465
0007466
0007467
0007468
0007469
0007470
0007471
0007472
0007473
0007474
0007475
0007476
0007477
0007478
0007479
0007480
0007481
0007482
0007483
0007484
0007485
0007486
0007487
0007488
0007489
0007490
0007491
0007492
0007493
0007494
0007495
0007496
0007497
0007498
0007499
0007500
0007501
0007502
0007503
0007504
0007505
0007506
0007507
0007508
0007509
0007510
0007511
0007512
0007513
0007514
0007515
0007516
0007517
0007518
0007519
0007520
0007521
0007522
0007523
0007524
0007525
0007526
0007527
0007528
0007529
0007530
0007531
0007532
0007533
0007534
0007535
0007536
0007537
0007538
0007539
0007540
0007541
0007542
0007543
0007544
0007545
0007546
0007547
0007548
0007549
0007550
0007551
0007552
0007553
0007554
0007555
0007556
0007557
0007558
0007559
0007560
0007561
0007562
0007563
0007564
0007565
0007566
0007567
0007568
0007569
0007570
0007571
0007572
0007573
0007574
0007575
0007576
0007577
0007578
0007579
0007580
0007581
0007582
0007583
0007584
0007585
0007586
0007587
0007588
0007589
0007590
0007591
0007592
0007593
0007594
0007595
0007596
0007597
0007598
0007599
0007600
0007601
0007602
0007603
0007604
0007605
0007606
0007607
0007608
0007609
0007610
0007611
0007612
0007613
0007614
0007615
0007616
0007617
0007618
0007619
0007620
0007621
0007622
0007623
0007624
0007625
0007626
0007627
0007628
0007629
0007630
0007631
0007632
0007633
0007634
0007635
0007636
0007637
0007638
0007639
0007640
0007641
0007642
0007643
0007644
0007645
0007646
0007647
0007648
0007649
0007650
0007651
0007652
0007653
0007654
0007655
0007656
0007657
0007658
0007659
0007660
0007661
0007662
0007663
0007664
0007665
0007666
0007667
0007668
0007669
0007670
0007671
0007672
0007673
0007674
0007675
0007676
0007677
0007678
0007679
0007680
0007681
0007682
0007683
0007684
0007685
0007686
0007687
0007688
0007689
0007690
0007691
0007692
0007693
0007694
0007695
0007696
0007697
0007698
0007699
0007700
0007701
0007702
0007703
0007704
0007705
0007706
0007707
0007708
0007709
0007710
0007711
0007712
0007713
0007714
0007715
0007716
0007717
0007718
0007719
0007720
0007721
0007722
0007723
0007724
0007725
0007726
0007727
0007728
0007729
0007730
0007731
0007732
0007733
0007734
0007735
0007736
0007737
0007738
0007739
0007740
0007741
0007742
0007743
0007744
0007745
0007746
0007747
0007748
0007749
0007750
0007751
0007752
0007753
0007754
0007755
0007756
0007757
0007758
0007759
0007760
0007761
0007762
0007763
0007764
0007765
0007766
0007767
0007768
0007769
0007770
0007771
0007772
0007773
0007774
0007775
0007776
0007777
0007778
0007779
0007780
0007781
0007782
0007783
0007784
0007785
0007786
0007787
0007788
0007789
0007790
0007791
0007792
0007793
0007794
0007795
0007796
0007797
0007798
0007799
0007800
0007801
0007802
0007803
0007804
0007805
0007806
0007807
0007808
0007809
0007810
0007811
0007812
0007813
0007814
0007815
0007816
0007817
0007818
0007819
0007820
0007821
0007822
0007823
0007824
0007825
0007826
0007827
0007828
0007829
0007830
0007831
0007832
0007833
0007834
0007835
0007836
0007837
0007838
0007839
0007840
0007841
0007842
0007843
0007844
0007845
0007846
0007847
0007848
0007849
0007850
0007851
0007852
0007853
0007854
0007855
0007856
0007857
0007858
0007859
0007860
0007861
0007862
0007863
0007864
0007865
0007866
0007867
0007868
0007869
0007870
0007871
0007872
0007873
0007874
0007875
0007876
0007877
0007878
0007879
0007880
0007881
0007882
0007883
0007884
0007885
0007886
0007887
0007888
0007889
0007890
0007891
0007892
0007893
0007894
0007895
0007896
0007897
0007898
0007899
0007900
0007901
0007902
0007903
0007904
0007905
0007906
0007907
0007908
0007909
0007910
0007911
0007912
0007913
0007914
0007915
0007916
0007917
0007918
0007919
0007920
0007921
0007922
0007923
0007924
0007925
0007926
0007927
0007928
0007929
0007930
0007931
0007932
0007933
0007934
0007935
0007936
0007937
0007938
0007939
0007940
0007941
0007942
0007943
0007944
0007945
0007946
0007947
0007948
0007949
0007950
0007951
0007952
0007953
0007954
0007955
0007956
0007957
0007958
0007959
0007960
0007961
0007962
0007963
0007964
0007965
0007966
0007967
0007968
0007969
0007970
0007971
0007972
0007973
0007974
0007975
0007976
0007977
0007978
0007979
0007980
0007981
0007982
0007983
0007984
0007985
0007986
0007987
0007988
0007989
0007990
0007991
0007992
0007993
0007994
0007995
0007996
0007997
0007998
0007999
0008000
0008001
0008002
0008003
0008004
0008005
0008006
0008007
0008008
0008009
0008010
0008011
0008012
0008013
0008014
0008015
0008016
0008017
0008018
0008019
0008020
0008021
0008022
0008023
0008024
0008025
0008026
0008027
0008028
0008029
0008030
0008031
0008032
0008033
0008034
0008035
0008036
0008037
0008038
0008039
0008040
0008041
0008042
0008043
0008044
0008045
0008046
0008047
0008048
0008049
0008050
0008051
0008052
0008053
0008054
0008055
0008056
0008057
0008058
0008059
0008060
0008061
0008062
0008063
0008064
0008065
0008066
0008067
0008068
0008069
0008070
0008071
0008072
0008073
0008074
0008075
0008076
0008077
0008078
0008079
0008080
0008081
0008082
0008083
0008084
0008085
0008086
0008087
0008088
0008089
0008090
0008091
0008092
0008093
0008094
0008095
0008096
0008097
0008098
0008099
0008100
0008101
0008102
0008103
0008104
0008105
0008106
0008107
0008108
0008109
0008110
0008111
0008112
0008113
0008114
0008115
0008116
0008117
0008118
0008119
0008120
0008121
0008122
0008123
0008124
0008125
0008126
0008127
0008128
0008129
0008130
0008131
0008132
0008133
0008134
0008135
0008136
0008137
0008138
0008139
0008140
0008141
0008142
0008143
0008144
0008145
0008146
0008147
0008148
0008149
0008150
0008151
0008152
0008153
0008154
0008155
0008156
0008157
0008158
0008159
0008160
0008161
0008162
0008163
0008164
0008165
0008166
0008167
0008168
0008169
0008170
0008171
0008172
0008173
0008174
0008175
0008176
0008177
0008178
0008179
0008180
0008181
0008182
0008183
0008184
0008185
0008186
0008187
0008188
0008189
0008190
0008191
0008192
0008193
0008194
0008195
0008196
0008197
0008198
0008199
0008200
0008201
0008202
0008203
0008204
0008205
0008206
0008207
0008208
0008209
0008210
0008211
0008212
0008213
0008214
0008215
0008216
0008217
0008218
0008219
0008220
0008221
0008222
0008223
0008224
0008225
0008226
0008227
0008228
0008229
0008230
0008231
0008232
0008233
0008234
0008235
0008236
0008237
0008238
0008239
0008240
0008241
0008242
0008243
0008244
0008245
0008246
0008247
0008248
0008249
0008250
0008251
0008252
0008253
0008254
0008255
0008256
0008257
0008258
0008259
0008260
0008261
0008262
0008263
0008264
0008265
0008266
0008267
0008268
0008269
0008270
0008271
0008272
0008273
0008274
0008275
0008276
0008277
0008278
0008279
0008280
0008281
0008282
0008283
0008284
0008285
0008286
0008287
0008288
0008289
0008290
0008291
0008292
0008293
0008294
0008295
0008296
0008297
0008298
0008299
0008300
0008301
0008302
0008303
0008304
0008305
0008306
0008307
0008308
0008309
0008310
0008311
0008312
0008313
0008314
0008315
0008316
0008317
0008318
0008319
0008320
0008321
0008322
0008323
0008324
0008325
0008326
0008327
0008328
0008329
0008330
0008331
0008332
0008333
0008334
0008335
0008336
0008337
0008338
0008339
0008340
0008341
0008342
0008343
0008344
0008345
0008346
0008347
0008348
0008349
0008350
0008351
0008352
0008353
0008354
0008355
0008356
0008357
0008358
0008359
0008360
0008361
0008362
0008363
0008364
0008365
0008366
0008367
0008368
0008369
0008370
0008371
0008372
0008373
0008374
0008375
0008376
0008377
0008378
0008379
0008380
0008381
0008382
0008383
0008384
0008385
0008386
0008387
0008388
0008389
0008390
0008391
0008392
0008393
0008394
0008395
0008396
0008397
0008398
0008399
0008400
0008401
0008402
0008403
0008404
0008405
0008406
0008407
0008408
0008409
0008410
0008411
0008412
0008413
0008414
0008415
0008416
0008417
0008418
0008419
0008420
0008421
0008422
0008423
0008424
0008425
0008426
0008427
0008428
0008429
0008430
0008431
0008432
0008433
0008434
0008435
0008436
0008437
0008438
0008439
0008440
0008441
0008442
0008443
0008444
0008445
0008446
0008447
0008448
0008449
0008450
0008451
0008452
0008453
0008454
0008455
0008456
0008457
0008458
0008459
0008460
0008461
0008462
0008463
0008464
0008465
0008466
0008467
0008468
0008469
0008470
0008471
0008472
0008473
0008474
0008475
0008476
0008477
0008478
0008479
0008480
0008481
0008482
0008483
0008484
0008485
0008486
0008487
0008488
0008489
0008490
0008491
0008492
0008493
0008494
0008495
0008496
0008497
0008498
0008499
0008500
0008501
0008502
0008503
0008504
0008505
0008506
0008507
0008508
0008509
0008510
0008511
0008512
0008513
0008514
0008515
0008516
0008517
0008518
0008519
0008520
0008521
0008522
0008523
0008524
0008525
0008526
0008527
0008528
0008529
0008530
0008531
0008532
0008533
0008534
0008535
0008536
0008537
0008538
0008539
0008540
0008541
0008542
0008543
0008544
0008545
0008546
0008547
0008548
0008549
0008550
0008551
0008552
0008553
0008554
0008555
0008556
0008557
0008558
0008559
0008560
0008561
0008562
0008563
0008564
0008565
0008566
0008567
0008568
0008569
0008570
0008571
0008572
0008573
0008574
0008575
0008576
0008577
0008578
0008579
0008580
0008581
0008582
0008583
0008584
0008585
0008586
0008587
0008588
0008589
0008590
0008591
0008592
0008593
0008594
0008595
0008596
0008597
0008598
0008599
0008600
0008601
0008602
0008603
0008604
0008605
0008606
0008607
0008608
0008609
0008610
0008611
0008612
0008613
0008614
0008615
0008616
0008617
0008618
0008619
0008620
0008621
0008622
0008623
0008624
0008625
0008626
0008627
0008628
0008629
0008630
0008631
0008632
0008633
0008634
0008635
0008636
0008637
0008638
0008639
0008640
0008641
0008642
0008643
0008644
0008645
0008646
0008647
0008648
0008649
0008650
0008651
0008652
0008653
0008654
0008655
0008656
0008657
0008658
0008659
0008660
0008661
0008662
0008663
0008664
0008665
0008666
0008667
0008668
0008669
0008670
0008671
0008672
0008673
0008674
0008675
0008676
0008677
0008678
0008679
0008680
0008681
0008682
0008683
0008684
0008685
0008686
0008687
0008688
0008689
0008690
0008691
0008692
0008693
0008694
0008695
0008696
0008697
0008698
0008699
0008700
0008701
0008702
0008703
0008704
0008705
0008706
0008707
0008708
0008709
0008710
0008711
0008712
0008713
0008714
0008715
0008716
0008717
0008718
0008719
0008720
0008721
0008722
0008723
0008724
0008725
0008726
0008727
0008728
0008729
0008730
0008731
0008732
0008733
0008734
0008735
0008736
0008737
0008738
0008739
0008740
0008741
0008742
0008743
0008744
0008745
0008746
0008747
0008748
0008749
0008750
0008751
0008752
0008753
0008754
0008755
0008756
0008757
0008758
0008759
0008760
0008761
0008762
0008763
0008764
0008765
0008766
0008767
0008768
0008769
0008770
0008771
0008772
0008773
0008774
0008775
0008776
0008777
0008778
0008779
0008780
0008781
0008782
0008783
0008784
0008785
0008786
0008787
0008788
0008789
0008790
0008791
0008792
0008793
0008794
0008795
0008796
0008797
0008798
0008799
0008800
0008801
0008802
0008803
0008804
0008805
0008806
0008807
0008808
0008809
0008810
0008811
0008812
0008813
0008814
0008815
0008816
0008817
0008818
0008819
0008820
0008821
0008822
0008823
0008824
0008825
0008826
0008827
0008828
0008829
0008830
0008831
0008832
0008833
0008834
0008835
0008836
0008837
0008838
0008839
0008840
0008841
0008842
0008843
0008844
0008845
0008846
0008847
0008848
0008849
0008850
0008851
0008852
0008853
0008854
0008855
0008856
0008857
0008858
0008859
0008860
0008861
0008862
0008863
0008864
0008865
0008866
0008867
0008868
0008869
0008870
0008871
0008872
0008873
0008874
0008875
0008876
0008877
0008878
0008879
0008880
0008881
0008882
0008883
0008884
0008885
0008886
0008887
0008888
0008889
0008890
0008891
0008892
0008893
0008894
0008895
0008896
0008897
0008898
0008899
0008900
0008901
0008902
0008903
0008904
0008905
0008906
0008907
0008908
0008909
0008910
0008911
0008912
0008913
0008914
0008915
0008916
0008917
0008918
0008919
0008920
0008921
0008922
0008923
0008924
0008925
0008926
0008927
0008928
0008929
0008930
0008931
0008932
0008933
0008934
0008935
0008936
0008937
0008938
0008939
0008940
0008941
0008942
0008943
0008944
0008945
0008946
0008947
0008948
0008949
0008950
0008951
0008952
0008953
0008954
0008955
0008956
0008957
0008958
0008959
0008960
0008961
0008962
0008963
0008964
0008965
0008966
0008967
0008968
0008969
0008970
0008971
0008972
0008973
0008974
0008975
0008976
0008977
0008978
0008979
0008980
0008981
0008982
0008983
0008984
0008985
0008986
0008987
0008988
0008989
0008990
0008991
0008992
0008993
0008994
0008995
0008996
0008997
0008998
0008999
0009000
0009001
0009002
0009003
0009004
0009005
0009006
0009007
0009008
0009009
0009010
0009011
0009012
0009013
0009014
0009015
0009016
0009017
0009018
0009019
0009020
0009021
0009022
0009023
0009024
0009025
0009026
0009027
0009028
0009029
0009030
0009031
0009032
0009033
0009034
0009035
0009036
0009037
0009038
0009039
0009040
0009041
0009042
0009043
0009044
0009045
0009046
0009047
0009048
0009049
0009050
0009051
0009052
0009053
0009054
0009055
0009056
0009057
0009058
0009059
0009060
0009061
0009062
0009063
0009064
0009065
0009066
0009067
0009068
0009069
0009070
0009071
0009072
0009073
0009074
0009075
0009076
0009077
0009078
0009079
0009080
0009081
0009082
0009083
0009084
0009085
0009086
0009087
0009088
0009089
0009090
0009091
0009092
0009093
0009094
0009095
0009096
0009097
0009098
0009099
0009100
0009101
0009102
0009103
0009104
0009105
0009106
0009107
0009108
0009109
0009110
0009111
0009112
0009113
0009114
0009115
0009116
0009117
0009118
0009119
0009120
0009121
0009122
0009123
0009124
0009125
0009126
0009127
0009128
0009129
0009130
0009131
0009132
0009133
0009134
0009135
0009136
0009137
0009138
0009139
0009140
0009141
0009142
0009143
0009144
0009145
0009146
0009147
0009148
0009149
0009150
0009151
0009152
0009153
0009154
0009155
0009156
0009157
0009158
0009159
0009160
0009161
0009162
0009163
0009164
0009165
0009166
0009167
0009168
0009169
0009170
0009171
0009172
0009173
0009174
0009175
0009176
0009177
0009178
0009179
0009180
0009181
0009182
0009183
0009184
0009185
0009186
0009187
0009188
0009189
0009190
0009191
0009192
0009193
0009194
0009195
0009196
0009197
0009198
0009199
0009200
0009201
0009202
0009203
0009204
0009205
0009206
0009207
0009208
0009209
0009210
0009211
0009212
0009213
0009214
0009215
0009216
0009217
0009218
0009219
0009220
0009221
0009222
0009223
0009224
0009225
0009226
0009227
0009228
0009229
0009230
0009231
0009232
0009233
0009234
0009235
0009236
0009237
0009238
0009239
0009240
0009241
0009242
0009243
0009244
0009245
0009246
0009247
0009248
0009249
0009250
0009251
0009252
0009253
0009254
0009255
0009256
0009257
0009258
0009259
0009260
0009261
0009262
0009263
0009264
0009265
0009266
0009267
0009268
0009269
0009270
0009271
0009272
0009273
0009274
0009275
0009276
0009277
0009278
0009279
0009280
0009281
0009282
0009283
0009284
0009285
0009286
0009287
0009288
0009289
0009290
0009291
0009292
0009293
0009294
0009295
0009296
0009297
0009298
0009299
0009300
0009301
0009302
0009303
0009304
0009305
0009306
0009307
0009308
0009309
0009310
0009311
0009312
0009313
0009314
0009315
0009316
0009317
0009318
0009319
0009320
0009321
0009322
0009323
0009324
0009325
0009326
0009327
0009328
0009329
0009330
0009331
0009332
0009333
0009334
0009335
0009336
0009337
0009338
0009339
0009340
0009341
0009342
0009343
0009344
0009345
0009346
0009347
0009348
0009349
0009350
0009351
0009352
0009353
0009354
0009355
0009356
0009357
0009358
0009359
0009360
0009361
0009362
0009363
0009364
0009365
0009366
0009367
0009368
0009369
0009370
0009371
0009372
0009373
0009374
0009375
0009376
0009377
0009378
0009379
0009380
0009381
0009382
0009383
0009384
0009385
0009386
0009387
0009388
0009389
0009390
0009391
0009392
0009393
0009394
0009395
0009396
0009397
0009398
0009399
0009400
0009401
0009402
0009403
0009404
0009405
0009406
0009407
0009408
0009409
0009410
0009411
0009412
0009413
0009414
0009415
0009416
0009417
0009418
0009419
0009420
0009421
0009422
0009423
0009424
0009425
0009426
0009427
0009428
0009429
0009430
0009431
0009432
0009433
0009434
0009435
0009436
0009437
0009438
0009439
0009440
0009441
0009442
0009443
0009444
0009445
0009446
0009447
0009448
0009449
0009450
0009451
0009452
0009453
0009454
0009455
0009456
0009457
0009458
0009459
0009460
0009461
0009462
0009463
0009464
0009465
0009466
0009467
0009468
0009469
0009470
0009471
0009472
0009473
0009474
0009475
0009476
0009477
0009478
0009479
0009480
0009481
0009482
0009483
0009484
0009485
0009486
0009487
0009488
0009489
0009490
0009491
0009492
0009493
0009494
0009495
0009496
0009497
0009498
0009499
0009500
0009501
0009502
0009503
0009504
0009505
0009506
0009507
0009508
0009509
0009510
0009511
0009512
0009513
0009514
0009515
0009516
0009517
0009518
0009519
0009520
0009521
0009522
0009523
0009524
0009525
0009526
0009527
0009528
0009529
0009530
0009531
0009532
0009533
0009534
0009535
0009536
0009537
0009538
0009539
0009540
0009541
0009542
0009543
0009544
0009545
0009546
0009547
0009548
0009549
0009550
0009551
0009552
0009553
0009554
0009555
0009556
0009557
0009558
0009559
0009560
0009561
0009562
0009563
0009564
0009565
0009566
0009567
0009568
0009569
0009570
0009571
0009572
0009573
0009574
0009575
0009576
0009577
0009578
0009579
0009580
0009581
0009582
0009583
0009584
0009585
0009586
0009587
0009588
0009589
0009590
0009591
0009592
0009593
0009594
0009595
0009596
0009597
0009598
0009599
0009600
0009601
0009602
0009603
0009604
0009605
0009606
0009607
0009608
0009609
0009610
0009611
0009612
0009613
0009614
0009615
0009616
0009617
0009618
0009619
0009620
0009621
0009622
0009623
0009624
0009625
0009626
0009627
0009628
0009629
0009630
0009631
0009632
0009633
0009634
0009635
0009636
0009637
0009638
0009639
0009640
0009641
0009642
0009643
0009644
0009645
0009646
0009647
0009648
0009649
0009650
0009651
0009652
0009653
0009654
0009655
0009656
0009657
0009658
0009659
0009660
0009661
0009662
0009663
0009664
0009665
0009666
0009667
0009668
0009669
0009670
0009671
0009672
0009673
0009674
0009675
0009676
0009677
0009678
0009679
0009680
0009681
0009682
0009683
0009684
0009685
0009686
0009687
0009688
0009689
0009690
0009691
0009692
0009693
0009694
0009695
0009696
0009697
0009698
0009699
0009700
0009701
0009702
0009703
0009704
0009705
0009706
0009707
0009708
0009709
0009710
0009711
0009712
0009713
0009714
0009715
0009716
0009717
0009718
0009719
0009720
0009721
0009722
0009723
0009724
0009725
0009726
0009727
0009728
0009729
0009730
0009731
0009732
0009733
0009734
0009735
0009736
0009737
0009738
0009739
0009740
0009741
0009742
0009743
0009744
0009745
0009746
0009747
0009748
0009749
0009750
0009751
0009752
0009753
0009754
0009755
0009756
0009757
0009758
0009759
0009760
0009761
0009762
0009763
0009764
0009765
0009766
0009767
0009768
0009769
0009770
0009771
0009772
0009773
0009774
0009775
0009776
0009777
0009778
0009779
0009780
0009781
0009782
0009783
0009784
0009785
0009786
0009787
0009788
0009789
0009790
0009791
0009792
0009793
0009794
0009795
0009796
0009797
0009798
0009799
0009800
0009801
0009802
0009803
0009804
0009805
0009806
0009807
0009808
0009809
0009810
0009811
0009812
0009813
0009814
0009815
0009816
0009817
0009818
0009819
0009820
0009821
0009822
0009823
0009824
0009825
0009826
0009827
0009828
0009829
0009830
0009831
0009832
0009833
0009834
0009835
0009836
0009837
0009838
0009839
0009840
0009841
0009842
0009843
0009844
0009845
0009846
0009847
0009848
0009849
0009850
0009851
0009852
0009853
0009854
0009855
0009856
0009857
0009858
0009859
0009860
0009861
0009862
0009863
0009864
0009865
0009866
0009867
0009868
0009869
0009870
0009871
0009872
0009873
0009874
0009875
0009876
0009877
0009878
0009879
0009880
0009881
0009882
0009883
0009884
0009885
0009886
0009887
0009888
0009889
0009890
0009891
0009892
0009893
0009894
0009895
0009896
0009897
0009898
0009899
0009900
0009901
0009902
0009903
0009904
0009905
0009906
0009907
0009908
0009909
0009910
0009911
0009912
0009913
0009914
0009915
0009916
0009917
0009918
0009919
0009920
0009921
0009922
0009923
0009924
0009925
0009926
0009927
0009928
0009929
0009930
0009931
0009932
0009933
0009934
0009935
0009936
0009937
0009938
0009939
0009940
0009941
0009942
0009943
0009944
0009945
0009946
0009947
0009948
0009949
0009950
0009951
0009952
0009953
0009954
0009955
0009956
0009957
0009958
0009959
0009960
0009961
0009962
0009963
0009964
0009965
0009966
0009967
0009968
0009969
0009970
0009971
0009972
0009973
0009974
0009975
0009976
0009977
0009978
0009979
0009980
0009981
0009982
0009983
0009984
0009985
0009986
0009987
0009988
0009989
0009990
0009991
0009992
0009993
0009994
0009995
0009996
0009997
0009998
0009999
0010000
