0000010
0000020
0000030
0000040
0000050
0000060
0000070
0000080
0000090
0000100
0000110
0000120
0000130
0000140
0000150
0000160
0000170
0000180
0000190
0000200
0000210
0000220
0000230
0000240
0000250
0000260
0000270
0000280
0000290
0000300
0000310
0000320
0000330
0000340
0000350
0000360
0000370
0000380
0000390
0000400
0000410
0000420
0000430
0000440
0000450
0000460
0000470
0000480
0000490
0000500
0000510
0000520
0000530
0000540
0000550
0000560
0000570
0000580
0000590
0000600
0000610
0000620
0000630
0000640
0000650
0000660
0000670
0000680
0000690
0000700
0000710
0000720
0000730
0000740
0000750
0000760
0000770
0000780
0000790
0000800
0000810
0000820
0000830
0000840
0000850
0000860
0000870
0000880
0000890
0000900
0000910
0000920
0000930
0000940
0000950
0000960
0000970
0000980
0000990
0001000
