0000010
0000020
0000030
0000040
0000050
0000060
0000070
0000080
0000090
0000100
0000110
0000120
0000130
0000140
0000150
0000160
0000170
0000180
0000190
0000200
0000210
0000220
0000230
0000240
0000250
0000260
0000270
0000280
0000290
0000300
0000310
0000320
0000330
0000340
0000350
0000360
0000370
0000380
0000390
0000400
0000410
0000420
0000430
0000440
0000450
0000460
0000470
0000480
0000490
0000500
0000510
0000520
0000530
0000540
0000550
0000560
0000570
0000580
0000590
0000600
0000610
0000620
0000630
0000640
0000650
0000660
0000670
0000680
0000690
0000700
0000710
0000720
0000730
0000740
0000750
0000760
0000770
0000780
0000790
0000800
0000810
0000820
0000830
0000840
0000850
0000860
0000870
0000880
0000890
0000900
0000910
0000920
0000930
0000940
0000950
0000960
0000970
0000980
0000990
0001000
0001010
0001020
0001030
0001040
0001050
0001060
0001070
0001080
0001090
0001100
0001110
0001120
0001130
0001140
0001150
0001160
0001170
0001180
0001190
0001200
0001210
0001220
0001230
0001240
0001250
0001260
0001270
0001280
0001290
0001300
0001310
0001320
0001330
0001340
0001350
0001360
0001370
0001380
0001390
0001400
0001410
0001420
0001430
0001440
0001450
0001460
0001470
0001480
0001490
0001500
0001510
0001520
0001530
0001540
0001550
0001560
0001570
0001580
0001590
0001600
0001610
0001620
0001630
0001640
0001650
0001660
0001670
0001680
0001690
0001700
0001710
0001720
0001730
0001740
0001750
0001760
0001770
0001780
0001790
0001800
0001810
0001820
0001830
0001840
0001850
0001860
0001870
0001880
0001890
0001900
0001910
0001920
0001930
0001940
0001950
0001960
0001970
0001980
0001990
0002000
0002010
0002020
0002030
0002040
0002050
0002060
0002070
0002080
0002090
0002100
0002110
0002120
0002130
0002140
0002150
0002160
0002170
0002180
0002190
0002200
0002210
0002220
0002230
0002240
0002250
0002260
0002270
0002280
0002290
0002300
0002310
0002320
0002330
0002340
0002350
0002360
0002370
0002380
0002390
0002400
0002410
0002420
0002430
0002440
0002450
0002460
0002470
0002480
0002490
0002500
0002510
0002520
0002530
0002540
0002550
0002560
0002570
0002580
0002590
0002600
0002610
0002620
0002630
0002640
0002650
0002660
0002670
0002680
0002690
0002700
0002710
0002720
0002730
0002740
0002750
0002760
0002770
0002780
0002790
0002800
0002810
0002820
0002830
0002840
0002850
0002860
0002870
0002880
0002890
0002900
0002910
0002920
0002930
0002940
0002950
0002960
0002970
0002980
0002990
0003000
0003010
0003020
0003030
0003040
0003050
0003060
0003070
0003080
0003090
0003100
0003110
0003120
0003130
0003140
0003150
0003160
0003170
0003180
0003190
0003200
0003210
0003220
0003230
0003240
0003250
0003260
0003270
0003280
0003290
0003300
0003310
0003320
0003330
0003340
0003350
0003360
0003370
0003380
0003390
0003400
0003410
0003420
0003430
0003440
0003450
0003460
0003470
0003480
0003490
0003500
0003510
0003520
0003530
0003540
0003550
0003560
0003570
0003580
0003590
0003600
0003610
0003620
0003630
0003640
0003650
0003660
0003670
0003680
0003690
0003700
0003710
0003720
0003730
0003740
0003750
0003760
0003770
0003780
0003790
0003800
0003810
0003820
0003830
0003840
0003850
0003860
0003870
0003880
0003890
0003900
0003910
0003920
0003930
0003940
0003950
0003960
0003970
0003980
0003990
0004000
0004010
0004020
0004030
0004040
0004050
0004060
0004070
0004080
0004090
0004100
0004110
0004120
0004130
0004140
0004150
0004160
0004170
0004180
0004190
0004200
0004210
0004220
0004230
0004240
0004250
0004260
0004270
0004280
0004290
0004300
0004310
0004320
0004330
0004340
0004350
0004360
0004370
0004380
0004390
0004400
0004410
0004420
0004430
0004440
0004450
0004460
0004470
0004480
0004490
0004500
0004510
0004520
0004530
0004540
0004550
0004560
0004570
0004580
0004590
0004600
0004610
0004620
0004630
0004640
0004650
0004660
0004670
0004680
0004690
0004700
0004710
0004720
0004730
0004740
0004750
0004760
0004770
0004780
0004790
0004800
0004810
0004820
0004830
0004840
0004850
0004860
0004870
0004880
0004890
0004900
0004910
0004920
0004930
0004940
0004950
0004960
0004970
0004980
0004990
0005000
0005010
0005020
0005030
0005040
0005050
0005060
0005070
0005080
0005090
0005100
0005110
0005120
0005130
0005140
0005150
0005160
0005170
0005180
0005190
0005200
0005210
0005220
0005230
0005240
0005250
0005260
0005270
0005280
0005290
0005300
0005310
0005320
0005330
0005340
0005350
0005360
0005370
0005380
0005390
0005400
0005410
0005420
0005430
0005440
0005450
0005460
0005470
0005480
0005490
0005500
0005510
0005520
0005530
0005540
0005550
0005560
0005570
0005580
0005590
0005600
0005610
0005620
0005630
0005640
0005650
0005660
0005670
0005680
0005690
0005700
0005710
0005720
0005730
0005740
0005750
0005760
0005770
0005780
0005790
0005800
0005810
0005820
0005830
0005840
0005850
0005860
0005870
0005880
0005890
0005900
0005910
0005920
0005930
0005940
0005950
0005960
0005970
0005980
0005990
0006000
0006010
0006020
0006030
0006040
0006050
0006060
0006070
0006080
0006090
0006100
0006110
0006120
0006130
0006140
0006150
0006160
0006170
0006180
0006190
0006200
0006210
0006220
0006230
0006240
0006250
0006260
0006270
0006280
0006290
0006300
0006310
0006320
0006330
0006340
0006350
0006360
0006370
0006380
0006390
0006400
0006410
0006420
0006430
0006440
0006450
0006460
0006470
0006480
0006490
0006500
0006510
0006520
0006530
0006540
0006550
0006560
0006570
0006580
0006590
0006600
0006610
0006620
0006630
0006640
0006650
0006660
0006670
0006680
0006690
0006700
0006710
0006720
0006730
0006740
0006750
0006760
0006770
0006780
0006790
0006800
0006810
0006820
0006830
0006840
0006850
0006860
0006870
0006880
0006890
0006900
0006910
0006920
0006930
0006940
0006950
0006960
0006970
0006980
0006990
0007000
0007010
0007020
0007030
0007040
0007050
0007060
0007070
0007080
0007090
0007100
0007110
0007120
0007130
0007140
0007150
0007160
0007170
0007180
0007190
0007200
0007210
0007220
0007230
0007240
0007250
0007260
0007270
0007280
0007290
0007300
0007310
0007320
0007330
0007340
0007350
0007360
0007370
0007380
0007390
0007400
0007410
0007420
0007430
0007440
0007450
0007460
0007470
0007480
0007490
0007500
0007510
0007520
0007530
0007540
0007550
0007560
0007570
0007580
0007590
0007600
0007610
0007620
0007630
0007640
0007650
0007660
0007670
0007680
0007690
0007700
0007710
0007720
0007730
0007740
0007750
0007760
0007770
0007780
0007790
0007800
0007810
0007820
0007830
0007840
0007850
0007860
0007870
0007880
0007890
0007900
0007910
0007920
0007930
0007940
0007950
0007960
0007970
0007980
0007990
0008000
0008010
0008020
0008030
0008040
0008050
0008060
0008070
0008080
0008090
0008100
0008110
0008120
0008130
0008140
0008150
0008160
0008170
0008180
0008190
0008200
0008210
0008220
0008230
0008240
0008250
0008260
0008270
0008280
0008290
0008300
0008310
0008320
0008330
0008340
0008350
0008360
0008370
0008380
0008390
0008400
0008410
0008420
0008430
0008440
0008450
0008460
0008470
0008480
0008490
0008500
0008510
0008520
0008530
0008540
0008550
0008560
0008570
0008580
0008590
0008600
0008610
0008620
0008630
0008640
0008650
0008660
0008670
0008680
0008690
0008700
0008710
0008720
0008730
0008740
0008750
0008760
0008770
0008780
0008790
0008800
0008810
0008820
0008830
0008840
0008850
0008860
0008870
0008880
0008890
0008900
0008910
0008920
0008930
0008940
0008950
0008960
0008970
0008980
0008990
0009000
0009010
0009020
0009030
0009040
0009050
0009060
0009070
0009080
0009090
0009100
0009110
0009120
0009130
0009140
0009150
0009160
0009170
0009180
0009190
0009200
0009210
0009220
0009230
0009240
0009250
0009260
0009270
0009280
0009290
0009300
0009310
0009320
0009330
0009340
0009350
0009360
0009370
0009380
0009390
0009400
0009410
0009420
0009430
0009440
0009450
0009460
0009470
0009480
0009490
0009500
0009510
0009520
0009530
0009540
0009550
0009560
0009570
0009580
0009590
0009600
0009610
0009620
0009630
0009640
0009650
0009660
0009670
0009680
0009690
0009700
0009710
0009720
0009730
0009740
0009750
0009760
0009770
0009780
0009790
0009800
0009810
0009820
0009830
0009840
0009850
0009860
0009870
0009880
0009890
0009900
0009910
0009920
0009930
0009940
0009950
0009960
0009970
0009980
0009990
0010000
